-79, 67, 103, -102, 115, 114, 43, -54, -115, 115, -24, 116, 47, 15, -111, -96, -20, 120, -127, -77, 125, -47, 54, -7, 54, -82, 51, -106, -21, -99, -30, -53, 63, -82, 18, -76, 33, 30, 117, -107, -101, -3, 112, -29, -111, 81, 88, 1, 2, -65, 127, -43, -69, -80, 96, 91, 81, -6, -24, -48, 71, 12, 40, 71, -72, 124, -22, 41, -64, 58, 17, -92, -122, -56, -56, 3, 3, -105, -76, 56, 123, -92, 39, -72, -9, 76, 74, -90, -89, -66, -114, -28, -64, 44, 120, 93, 80, 102, -65, -98,
121, 84, -93, 103, -48, -85, 62, 105, -5, -64, -51, -56, 1, -93, 23, -53, -31, -68, 118, 92, -93, 39, 50, 22, -116, 123, -19, -113, 105, 77, 60, 81, 48, -112, 55, -23, -109, -104, 66, -5, -40, -20, -106, -21, 68, 113, 23, -122, 22, -28, -83, 94, 0, 76, -1, -16, 123, 29, 9, 26, 114, 79, 3, 96, -57, 11, 98, 50, -4, -94, -104, -24, 118, 121, -39, 125, -25, -120, 24, 65, -45, -17, 68, -55, -8, 103, 8, 16, 67, 60, 116, -109, -27, 78, 123, -34, -100, -126, -43, 106,
-105, -119, -54, -18, -53, 61, 82, -53, -23, 21, 44, 24, 110, -113, -19, -61, 66, 26, -90, -108, -100, -94, -75, 7, 104, 79, 33, 127, -27, -40, -122, 25, 18, 81, 51, 29, 41, 35, 114, 44, -9, 100, 85, -21, -52, 124, -83, 20, -95, -42, 0, 101, 54, 23, 105, 86, -34, -5, -96, -56, -71, -7, -111, 118, -49, -43, 16, 0, 111, 31, 71, -45, 95, 48, -54, 105, 125, 123, -42, 93, -70, -51, -121, 86, 25, -97, 110, 18, -1, -67, -121, 15, -13, -40, 0, 110, -28, 125, -49, 27,
23, 56, 114, 32, -115, 102, 4, -94, -28, -30, 0, -64, 85, -105, 44, -59, 42, -104, -126, -68, 72, 41, -49, 107, -19, 78, 26, -120, -116, 119, -79, -2, -110, -10, 100, 16, 126, 98, -84, 4, 110, -14, -44, 91, -111, -122, -117, -26, -36, -111, 55, -47, -20, 11, -90, 68, 20, -35, -34, -97, -84, -40, 97, -76, 10, 37, -108, 71, -104, 9, -84, 126, -115, -46, -16, 59, 35, -94, 122, 8, -28, -9, 47, 90, 114, -19, 55, -57, -30, 3, 79, 91, 78, -20, -23, -75, 127, 17, -44, 77,
-91, 94, 25, -23, -10, 31, -18, -54, 115, -105, -20, -27, -96, -102, 74, 84, -85, -77, -45, -63, -22, -43, -28, -122, -106, 73, -113, 90, 48, 69, -6, -97, -82, 102, -72, -107, -60, -115, 2, -51, 64, -105, 124, 2, -42, 66, -72, 61, 95, 50, 123, -115, -3, 99, 12, 38, 23, 5, 32, -75, -38, 124, -41, -72, -89, -30, 32, 15, -105, 10, -5, -78, 108, 6, -77, 107, -78, -13, -34, 85, 29, 50, -50, 64, -107, -12, 48, -123, -112, -116, 23, 75, -28, -85, 53, -24, 82, 100, 24, 49,
-87, -1, -28, -14, -38, -60, -75, 29, 40, 6, -111, 56, 83, 59, -75, 35, -76, -115, -75, 49, 41, -102, 105, -119, -39, 113, 116, -46, 46, -43, 52, -45, 112, -128, -100, 6, -103, 13, 88, 73, -4, -79, 115, 104, 76, -71, 106, 75, 86, -37, -49, 40, 19, 24, 3, 108, 19, 96, -89, 68, -81, 121, -127, 11, -126, -63, -47, -119, 62, -86, 71, 110, -102, 14, -97, 8, -100, -117, -101, 102, -115, 64, 92, 20, -82, -40, 46, 89, 107, 113, -51, -28, 76, 10, 101, 44, -38, -80, -11, -68,
-54, -53, -12, -30, -109, 71, -48, 60, -88, 84, 30, -125, -74, 127, -125, 59, -50, -60, -81, 8, -80, -101, -127, -53, 122, -57, 110, -68, -78, 82, -111, -70, -40, 95, -118, -58, 89, -59, 35, 111, 106, 117, -56, -117, 83, 64, 16, 56, 118, -66, -120, 44, -116, 75, 68, -83, 67, 70, 3, 60, 96, -80, 107, -1, -117, -119, 12, 91, -67, 69, -88, -67, 76, -44, 70, 109, 106, -114, -3, -12, 41, 78, -15, 79, 73, -114, -49, -120, -122, 31, -102, -33, 110, 64, -119, 22, 88, 44, -22, 90,
61, -60, -21, -119, 73, 6, 44, 7, -68, 10, -96, 74, 104, -123, -18, 11, -51, 106, 18, 115, 127, -46, 97, -122, -101, 89, 93, 60, 7, -48, 123, 54, -65, 120, -95, 41, -88, -38, -77, 8, -80, 4, 81, -27, 63, -27, -20, -12, 24, 41, 82, -112, 106, 59, -109, -128, -6, 57, 68, 98, -27, -6, 81, -7, 8, 31, -86, 20, 123, 41, 2, -22, -114, 126, -55, 112, 31, 93, -35, 101, -15, -21, -2, -128, 36, 88, 16, 3, -96, -70, 116, 98, 83, 47, -91, 69, -113, 85, 102, 116,
102, 29, 42, 120, 124, -39, -1, 68, -5, 122, -62, -59, -105, 39, -63, 22, 34, 43, 51, 123, -90, -49, 51, -82, -68, -65, 49, -83, 9, -41, 47, -50, 102, -97, 33, -4, 61, -60, -58, -120, 88, 29, 11, 30, -61, -55, -118, -16, -34, -76, 32, 46, 48, 56, 119, -82, 29, -34, 80, -104, -23, 97, 115, 123, -82, -26, 78, 25, -2, 64, 83, 69, 63, 111, -33, -71, -42, -93, -49, -105, -97, -8, -41, 1, -74, 5, 87, -110, -73, -99, 3, -121, -114, 66, 104, -90, 126, -52, 51, 82,
103, 85, 46, -128, -98, 82, 90, 61, -68, -3, 118, 91, 19, -117, -1, 57, 46, 92, 82, 117, 1, 117, -96, 88, -100, -70, -78, -54, -75, 15, -17, -112, -60, 92, 118, -83, -15, 125, -85, 116, -32, -109, -89, 31, -102, 98, 123, 55, -15, -26, -78, 58, 112, -37, 65, 34, 100, -35, -85, -43, 95, 121, 45, 99, -127, 96, 105, -52, 1, 32, 124, 43, 121, -90, 3, 112, -20, 113, 86, -21, -26, -98, 61, -107, 122, 18, -97, -128, 121, -95, -78, -19, 127, 106, 125, 62, -87, -3, -89, -43,
45, 117, -38, 86, -52, 96, 116, -77, 112, 65, -63, -19, 80, 38, 104, 79, 118, 124, -35, 113, 104, -24, 27, -49, 83, 19, 53, -4, -125, 88, 92, -2, -43, 13, 104, 19, -82, 4, -36, -110, -41, 1, 76, -30, 16, -29, -7, -44, 13, -89, 38, -36, -6, -92, -90, 78, -30, 120, 13, 14, -45, 27, -82, -86, -76, 3, 70, -27, 60, 80, 120, -27, 10, -44, -30, 109, 108, 40, -36, -128, -95, 95, 30, -45, -5, -66, -88, -72, -64, 34, -3, 110, 23, 115, -101, -49, 66, -41, 72, -18,
-126, -3, -49, -123, 73, 17, -19, -14, -4, -109, 73, -126, -8, -52, 72, 38, 0, -91, 23, 11, 74, -56, 18, 84, 58, 93, -71, -126, 97, -118, 60, 94, 22, 60, 5, 122, 32, 91, -45, 48, -101, 93, -124, 52, -69, 77, 46, 43, -58, 18, -122, 117, 49, 124, -76, -27, 9, 35, -64, -44, -118, 16, 62, 63, -106, -42, -18, 28, 123, 31, 105, -57, 14, 75, 79, -101, -94, 112, -56, -81, -20, -124, -46, -86, -113, -93, -112, -94, 0, 91, -83, -60, -109, 110, -48, -5, -29, 75, -84, 70,
61, 96, 114, 27, -11, 95, 105, 12, 4, -77, 72, 10, 39, -113, -10, 60, -90, 107, 111, 4, 40, -111, 87, -45, -94, 38, -6, -20, 90, -3, 50, -89, -77, 50, 79, 1, 46, -96, 98, -70, 8, 119, -4, -86, 122, -126, -101, 78, 53, -2, 66, -79, 102, -31, 15, -63, -96, -19, -26, -17, -109, -75, 43, 16, -118, 60, -9, 2, 11, -53, -76, 119, -15, 25, -27, 0, 25, 79, 38, 40, -50, -39, -99, 55, -104, 100, 124, 23, -126, 119, -59, 1, 10, -100, 34, 70, -35, -17, -33, 68,
102, 18, -44, -117, -16, 116, 10, -5, 63, -118, 122, 0, 41, 44, -122, 107, -17, 94, 71, 121, -71, -46, 25, 84, 4, -65, 18, 49, 119, 10, -100, 39, 17, 30, -117, 41, -106, -104, -125, 30, 36, 126, 46, -2, -61, 115, 10, 87, -22, -32, 83, -40, -52, -110, -42, -49, 102, -124, -87, 119, -29, 58, 111, -57, 96, -74, 53, 24, 85, -90, -90, -64, -68, -15, -3, 122, -120, 53, 83, 46, -105, 74, 86, -49, -108, -94, 20, -96, 75, 93, -20, 109, 30, 114, -120, 102, -115, -7, 60, -46,
-45, -102, -118, 102, -79, -116, -109, 71, -114, -98, 100, -109, -101, 47, 68, -98, 71, -99, -29, 26, 57, 3, 13, -75, -112, -21, 103, -22, 91, -1, -95, -43, -75, -76, 52, 41, 122, -90, 42, 17, -9, -32, 88, -91, -112, 127, 45, -89, 18, 118, 7, -42, 42, -113, -35, -11, 16, -51, 61, 22, -76, 65, -19, -12, -76, -19, -110, -67, 115, 110, -119, -66, -1, 35, 53, 10, -110, 23, 5, 33, -102, 96, -59, -50, 68, -39, 19, -12, -117, -98, -62, 41, 92, 37, -75, -34, -34, 125, 6, 10,
8, 15, -14, -87, -83, -34, -68, 107, 46, -13, 22, 30, 5, 58, -115, 32, 28, 108, 11, -1, 78, -112, 106, -32, 45, 79, -108, -108, -2, -51, 53, 19, 64, -69, 109, -64, -22, 20, -30, -124, 94, -112, 91, -2, 115, -85, 51, 94, -16, 69, 114, -125, -73, -49, -81, 74, -110, 66, -14, -6, 85, -127, 38, -62, -45, -41, 110, 100, -89, -127, 116, -119, -78, 52, 72, 126, -49, -86, 114, 37, -93, 19, -95, -56, -75, 17, -103, -94, -80, 16, 16, -53, 23, -13, 81, -21, 107, 13, 105, 126,
-30, -118, 48, 20, -82, 50, 95, 31, -25, 49, -112, -69, -60, -93, 109, 51, 49, 117, 0, -81, -59, 57, 43, 99, 19, -91, 67, -59, -84, 17, 35, -46, 56, 52, 114, 2, 117, -109, -67, -127, -53, 41, -98, -40, 82, -61, -68, -74, -42, -108, 98, -94, -115, -110, 74, -4, 13, 98, 112, -120, 62, 97, -20, -60, -122, 42, 109, 79, -14, 53, -42, -1, 96, 30, 32, 54, 44, -119, 39, 54, 84, -25, -105, 61, 117, -121, 21, -101, -125, -107, 122, -55, -36, -17, 70, 84, 65, -107, -18, -126,
48, 31, 78, -102, 31, -66, 66, 51, -116, 107, -66, -107, 60, 56, -18, 84, 51, 104, -104, -71, -12, -69, 11, 71, 97, -104, 92, -31, -117, 121, 86, -63, -119, 19, 20, -113, -16, -109, 99, -72, -100, -94, 30, -95, -95, 78, -94, 43, -126, 47, -7, 22, 2, 116, -43, 51, 37, -75, -92, 40, -36, 37, -31, -82, 29, -84, 25, -64, 40, 50, 101, 127, -109, -87, -47, 101, 31, -105, 93, 115, -99, -21, -17, 53, 51, -90, -19, 61, 8, -92, 121, 121, -126, 11, -108, 73, -81, -123, -121, -8,
54, 63, 85, -74, -20, 34, -99, 33, 70, 32, -4, 84, -21, 40, -32, -91, 1, 60, -54, -83, -18, -57, -71, 59, 81, -41, -110, 16, 7, -30, 5, 124, 19, 14, 45, 69, -9, 13, 110, -94, -95, -35, -117, -127, -44, -69, 80, -72, -46, 54, -30, -4, 120, 54, 108, -71, -112, 8, -25, -11, 108, 62, -73, 89, 23, 103, 70, 7, -118, 114, 109, -73, -114, -23, -54, -61, -31, -115, -55, -42, -106, -26, 2, -34, -86, 79, -72, -115, -67, -9, 86, -18, -57, 17, -102, 116, -35, -12, 39, 15,
-12, 97, 57, 99, 49, 60, 11, 58, -66, 106, 56, 102, -97, 48, 4, 104, 44, 107, -17, 97, 87, 117, -33, -35, 32, -96, -7, 11, -123, 122, 113, -47, 85, 43, 38, 59, 44, 33, -26, 31, -44, -108, 49, -44, -86, -111, -54, -64, -19, -80, 76, -61, 89, 122, 127, -88, -125, 79, -14, 14, 48, -18, 121, -70, 116, 37, 111, 78, -1, -38, -1, 59, 48, -85, 116, 19, -27, -109, -80, 8, -28, -120, -59, -126, -10, 71, 58, 127, -60, 42, -85, -17, -122, 79, 50, 8, 108, 86, -31, 56,
-104, 80, 93, 104, -25, -71, 73, 38, 44, 59, -108, -16, 107, -72, -125, -23, -82, -76, 93, -83, 86, 126, 119, -42, -118, -26, -26, -38, -60, 92, 87, 69, 82, -93, 9, -12, -69, -127, -73, -38, -64, -18, -95, 70, 102, -46, 53, 72, 91, -50, 11, 35, 125, 17, -38, 23, 85, 34, 13, 83, 75, -83, -21, -36, 58, 71, -61, -4, 31, 72, -4, 115, 107, 74, -31, -30, 65, 79, 109, -30, -69, -104, 34, 61, 99, 69, 118, -26, 123, 54, -13, -124, -24, -1, -2, -104, -83, 82, -70, -54,
-18, -20, 69, 26, -62, 90, -95, -59, 14, 56, 78, 67, -109, 29, 36, -33, 30, -77, -73, 125, -95, -57, -11, -24, -105, 77, 123, 43, -27, -65, -83, -17, -57, -36, 80, 19, 105, 22, -111, -5, -95, -113, 108, -55, -61, 24, -98, -125, 63, -123, -13, 65, -45, -67, -90, -17, 82, -6, 116, -11, -75, -32, 100, -21, -77, -22, 127, 59, 45, 96, 75, 25, -99, 97, 110, -6, 71, -103, -35, 55, -40, 107, 70, 38, 26, 10, -96, -87, 3, -27, -103, 58, 86, 46, -22, -65, 60, -61, 63, 41,
72, 50, 21, -100, 122, 40, 70, 109, 44, -74, -117, -118, -56, 10, -35, -80, -37, -67, -81, -98, 109, -52, 27, -128, 124, -94, -126, -120, -41, 115, 7, 15, -75, 116, -41, -29, 36, 54, -52, -62, 89, 93, -75, -7, -27, -119, -83, -39, -54, -97, -44, 65, -106, -55, -40, 118, -8, 61, 121, 124, 107, 65, 13, 29, 93, -28, -73, 40, 106, 61, 64, -39, 86, 8, 27, -44, -49, 117, 3, 0, -44, 34, 113, -103, -78, 46, 49, -15, 70, 123, -103, -121, 107, -15, -33, 124, 4, -77, -120, 121,
52, 111, -46, 34, 84, 20, 102, -111, 77, 42, 65, 56, -58, -102, 38, -75, -64, 23, -61, 81, -98, 54, 47, 50, 47, -81, 118, 75, 103, 3, -114, -89, -34, -92, -94, 118, 7, -50, 43, 125, 78, 46, -113, -64, 33, 110, -45, -53, -96, -44, 55, 37, -108, -49, -11, 9, 20, 109, 117, -88, -81, -97, 45, -117, -100, -36, -76, 6, 112, -56, -121, 51, 31, -10, 88, -19, -83, 33, 14, -42, 105, 96, 113, 58, 100, -48, 52, -15, -84, 1, -95, 90, -90, 45, -71, -48, 6, 37, -72, 120,
63, -10, 15, -122, -15, 30, 69, 49, -37, 33, 5, 65, 18, 76, -83, 81, -34, -63, 69, -15, -49, 63, -10, 26, -79, 68, 119, -92, 59, -46, -122, 117, 66, -59, -9, -70, 48, 81, -115, -68, -6, -120, 13, 111, 67, 11, -65, 26, -29, 111, -121, 104, 100, 7, 66, 108, 67, 77, 43, 24, -23, -44, -99, -27, -111, -126, 92, -82, 28, 122, 60, 34, -39, 26, -12, -9, -21, 66, 39, 122, 111, 105, 30, -68, -95, 35, 34, 20, 14, 50, -7, 35, -127, 73, -20, -37, -56, 93, 14, -96,
2, -7, 99, -80, -54, -4, 84, 112, 22, -23, 110, 25, -95, 63, -22, 97, 8, 31, 72, -116, 101, 105, 120, -24, 78, -94, 123, -122, -70, -62, -18, -87, 78, -68, 3, -32, -119, 12, 120, 37, 68, -68, -48, 93, 123, -88, -127, 112, -4, -28, -116, -33, -122, -116, -76, -86, -71, -26, 65, -107, 123, -44, 57, 49, 71, -31, 83, -5, 14, -93, 41, -50, -108, 3, -39, -11, -28, -46, 62, -81, 14, -66, -79, -128, 117, 57, -33, 125, -16, -92, 20, 51, 40, 112, -74, 71, -88, 1, 21, 88,
-13, -74, 95, -93, 5, 91, -16, 112, -13, -46, -100, 12, -68, 5, -25, 1, -2, 88, -7, -55, -78, 68, 30, 32, -75, 42, 4, -64, 80, 43, 17, 40, 55, -70, 2, -16, 26, -26, 28, -72, 17, 66, -80, 36, -75, 50, 103, 97, 52, 65, -119, -21, 99, 74, 17, -22, -63, -72, -100, 27, 80, -42, -15, -49, 104, 5, -15, -102, 30, 83, -33, 61, 124, 100, 58, 115, 123, -119, 39, -2, -63, -7, -124, 66, 57, 104, 28, 46, 93, 5, 66, 17, -57, -47, -8, 10, -99, -38, 4, -96,
107, 71, 97, 2, 78, -79, 124, -118, 4, 39, -55, -124, 62, -24, -53, 35, 110, -31, 33, 18, 79, 42, 100, 85, -69, -16, -28, -25, -15, -24, -96, -24, -88, 113, -100, -93, 80, -43, 40, 83, 94, -3, 102, 31, -93, 6, -64, -18, -88, -60, -10, 34, 34, 38, 121, -27, 111, 116, 35, 121, -28, 125, -95, -18, -103, 3, 37, -86, 92, 64, 58, -17, -112, -106, 74, -39, -113, -36, -61, -56, -29, -121, -9, 55, -77, -31, 9, -123, -19, -53, 75, 89, 71, -57, -88, 115, -95, -42, 25, 5,
62, 3, 97, -93, -19, 13, -114, -128, -20, -73, -116, 74, 22, 48, -86, -90, 124, 122, -72, -105, -64, -11, -48, 6, -108, 47, 23, 30, -92, -60, 18, -68, -31, 119, -35, -75, 26, 76, -15, 12, 87, 120, -95, -125, -123, 61, 2, -20, -125, -63, 89, 114, 126, 123, 92, 14, 38, 114, 38, 88, -81, 46, -107, -5, -52, 92, -118, 6, 51, 85, -121, 80, 111, 1, -93, 9, -38, 78, -97, -117, 26, 48, 127, 36, 102, 0, 60, -41, -42, 34, 6, 60, 32, -85, 99, 22, 16, 110, -91, 49,
-45, 103, -58, 68, -101, -18, 67, -13, -120, 21, 4, -81, 72, 114, -127, 116, -74, 74, -5, -53, 68, -99, 48, 67, -58, -2, 127, 105, -45, -43, 77, -52, 100, 49, 43, 71, -127, -7, 122, 47, -54, -45, -109, -102, 107, -11, -120, 15, 44, -33, 114, -66, -114, 29, -55, -49, -95, 85, -23, 96, 29, -49, -88, -1, 5, 41, 30, -5, 69, 59, -128, 90, -118, 13, -118, -108, 69, 90, -78, -1, -72, -98, 54, 36, 104, 23, 111, 30, 25, -56, -35, 59, 74, 115, 127, -86, -72, -76, -31, -89,
58, -38, -83, -125, 42, 38, -52, -127, -97, 7, -74, 126, -59, -34, 65, -35, -128, -22, -17, 57, 94, -103, -10, 111, -26, 103, -100, -55, -50, 124, 26, 30, 43, 72, 82, -3, -11, -88, -112, -120, 41, -16, 103, 103, 80, -61, -128, 111, -71, 51, 39, 33, 36, 37, 46, 21, 123, 93, -62, 59, -91, 55, -78, 55, -105, 13, 93, -10, -128, -123, -105, 58, 49, -111, 36, -112, -95, 51, -117, 14, -53, 23, 107, 74, 33, 75, 111, 4, 14, 115, 53, -22, -65, -35, -126, -109, 126, 63, 91, 33,
120, 94, 116, -118, 103, 55, 34, 60, -42, 36, 89, 21, 81, 0, 19, -76, -72, -8, 19, -36, -71, 28, -36, -95, 55, -89, 123, -11, -57, -45, -113, 57, 81, -86, 10, 119, 117, 46, -81, 38, -121, -25, -118, -60, -27, 94, -14, 11, -3, -49, -40, 50, 111, 107, -59, 73, -99, 106, 88, 120, 30, 104, 124, 9, -38, -106, 16, -23, -80, 122, 33, -44, -110, 82, 12, 0, -96, -76, 100, -31, -72, -123, 111, -26, -84, -100, -55, -20, -66, -63, -39, -54, -92, -24, -120, -6, -53, 115, -83, 112,
10, 102, -77, 92, 35, -103, 25, 5, -26, 48, 31, -113, 8, 111, -23, 56, -84, 15, -33, 41, -68, -115, -95, -112, -62, -110, -69, -13, -14, -51, 50, -103, -98, 100, 119, -89, -98, 94, 3, -3, 80, -68, 107, 78, -113, 21, 67, -46, -45, 98, -56, -3, -52, -46, 87, 105, 68, 9, 55, 86, 74, 125, -113, -21, -100, -19, -97, 81, 53, -44, -58, -9, 75, 89, -78, -48, -71, -56, 58, -118, -72, -97, -126, 58, 0, -102, 98, 51, 18, -55, -13, 116, 21, -106, 67, 127, 78, 85, 26, 112,
56, 73, -99, -125, -73, 21, -117, 94, 13, 18, -48, 57, 117, 20, 62, -39, 67, 6, 59, -27, 22, -51, 6, -44, -92, -17, -92, -58, 31, -76, -80, 64, -66, 105, -126, 38, -77, 34, 92, -37, 103, -96, 95, 18, -48, 39, 55, -49, -104, 66, -79, 19, -11, 119, -96, 123, -91, 57, 109, -52, -120, 125, -4, -103, 115, -25, -109, -98, -24, 108, 5, 31, 4, -45, 108, 31, -5, -73, -78, 23, -46, -16, 63, 81, 62, -37, 106, 5, -108, 44, -52, -86, 72, 102, -64, -23, 88, -89, -125, -3,
102, -75, -83, 68, -112, -92, 35, -52, 106, -70, -38, 1, -86, 66, 123, 116, 26, -4, -111, 92, -41, 76, 118, -116, 72, -52, 24, 57, -122, -111, 19, 84, 46, -71, -38, 65, -88, -19, 122, -108, 99, -83, 62, -52, -126, -48, 25, -20, -107, -99, -124, -110, 24, -50, -42, 109, 66, -75, -8, 106, -50, -40, 102, 54, 27, 70, 62, -26, 95, 63, 104, -12, 21, -111, -6, -56, -9, 105, 58, -98, 63, 92, -5, 84, 121, -52, -75, -82, 66, 46, 3, 21, 44, -11, -33, -36, 25, -72, 61, -69,
88, 72, -19, -88, -9, -123, -120, -117, 121, 38, -120, 58, -119, -103, -17, 121, 27, -44, 33, 124, -66, -32, -127, -69, 91, 49, 45, 113, 96, 7, 8, -59, -112, -116, 122, -118, -109, 17, 14, 39, -102, -39, -114, -76, -19, 11, -48, -11, -41, 36, -128, -40, 21, 77, -95, -63, -41, 64, 9, -90, -47, -51, 15, 13, 74, -40, -52, 47, -111, -43, -91, -27, -97, -2, 18, 124, -46, 104, 77, -26, -70, -97, 107, 73, 39, -64, 103, -7, 84, -66, 27, -17, -11, -50, 119, 116, -45, 74, 87, -110,
-51, -113, 29, 126, -122, -30, -94, 101, -100, 117, -28, 50, 73, -94, 6, -46, -87, -116, -35, -117, -127, -128, 8, -31, -31, 40, 126, 39, 33, -13, 123, 114, -125, -21, 28, 87, -35, -43, -8, 31, -85, -50, -109, 59, -107, -14, 79, 103, -69, -116, 78, -65, -24, -11, 77, -124, -35, -110, 68, 79, -21, 55, 28, -68, 27, -73, -34, 48, 6, 72, -40, -101, -34, 17, -35, 60, -1, -91, 48, 42, 28, 56, 108, 14, -109, 35, -34, 28, 101, 78, 58, -95, -66, -120, 112, 67, 110, -53, 102, 11,
-48, 56, -120, -104, 34, 91, -85, 83, -4, 36, -16, 65, -56, 62, -69, -57, 33, -34, -65, 28, 43, 80, 0, 42, 93, 82, -93, -17, -66, -110, -35, -21, -76, -53, -57, -119, 94, -96, 75, 123, -44, -76, -81, -90, 82, 80, 120, 3, -119, 73, 90, 43, -126, 95, 101, 105, 8, 127, -101, 118, -30, 104, 108, 102, 88, -72, 74, -40, -114, 107, 72, 13, -60, -120, 9, 1, 8, 94, 80, -12, 37, -41, -116, -103, 8, 16, 111, -54, 29, -51, -79, 32, -18, 55, -120, 75, 120, 29, 122, 101,
25, -59, -112, 82, 30, -74, 90, 13, -99, 25, -94, 120, 77, 79, -84, 57, -119, 14, -38, 12, -4, 11, -81, -40, 79, -42, 8, 5, 82, 92, 96, -109, 103, -65, 45, -100, 51, -71, 15, 53, 7, -67, -93, -119, 22, 90, -61, -6, 5, 47, -79, 58, -121, -7, 103, 30, -123, -103, -101, -64, 101, 29, -120, 93, -109, 31, -38, 114, 117, 110, -67, 18, 33, 13, -57, 1, -70, 59, -2, -119, -111, -102, 18, -58, 91, 23, -84, -16, 26, -87, 104, -121, 4, -117, 39, 121, -56, 49, -54, 124,
-43, -121, 8, 14, 124, -64, 26, -24, 72, 26, 57, -69, 34, -11, 34, 118, 37, -123, -17, 76, -117, 4, 95, -40, -106, -62, -117, -85, -50, 48, 103, 84, -69, 112, -1, 124, 117, -20, 110, -119, -17, 46, -83, -2, 103, -31, -45, 18, -116, 53, -86, -18, -34, 11, 102, 1, 19, -4, 34, -55, 111, 80, -78, -104, 3, 8, 125, -28, 40, -98, 53, 123, -46, 39, -95, -75, 32, -89, 59, 123, -11, 11, 67, 16, 11, -90, 100, 97, 60, -55, 84, -26, 58, 36, -70, 117, -9, -34, 0, -45,
99, 113, -21, 85, -34, 72, 111, -94, 65, -115, 105, -126, -104, 121, 15, -26, -18, -127, -124, -52, -110, 107, 122, -75, 91, 3, 95, -8, 68, 82, -35, 90, 42, 75, -69, -76, 78, -8, -59, 48, -113, -126, -20, 26, 57, 50, 126, -16, 127, -2, -29, 36, -47, 96, 39, -107, -101, -86, -31, 44, 25, -80, 61, -7, -101, -116, -80, 1, -106, 123, -33, 5, 9, 8, 20, 67, 78, -11, -118, -94, 8, 30, -3, 115, 77, -53, 52, 72, -70, 103, 38, 61, -99, 120, 72, 30, -114, 97, 99, 41,
-53, -17, 42, -26, 50, -68, 64, 124, -33, -18, 55, 0, -44, 51, -123, 20, -10, -32, 12, -79, 48, 2, -20, -35, -113, -9, -103, 39, -61, -40, -28, 9, 21, 29, -66, -31, 19, 18, -96, 68, -90, -116, -20, 50, -21, -63, -69, 36, -7, -45, -89, 68, 41, -126, 7, 23, 20, -78, 14, -124, -3, -11, 118, -72, -20, 19, 61, 112, -13, 84, -58, -95, 59, 94, 78, 16, -115, 36, 102, -118, -79, -106, -36, -62, -114, 6, 29, 41, -6, 33, 82, 26, 61, -120, -69, -24, 98, 44, -76, -112,
26, -125, -2, 108, -77, 84, 57, -67, -27, -26, 106, -76, -109, -110, -29, -32, -120, 97, -43, -103, 32, -95, 22, 94, -61, -82, -35, -67, 21, 11, -80, 82, 24, -105, -31, 89, -17, 10, -58, -113, -78, -49, -10, -124, 76, -120, -90, 80, 73, 55, -33, 71, 116, -26, 10, -41, -9, 98, 84, -127, -122, -3, 81, -65, 27, -22, 23, 89, 110, 52, -104, -119, 91, 104, -111, -85, 88, 101, -73, -32, -115, -65, -94, 80, -88, -23, 101, -45, 69, 73, 75, -37, -128, 29, 55, -17, -51, 90, -42, 124,
96, 7, -69, 112, 11, 63, -105, 120, 52, -52, 105, -76, -7, -26, -60, 90, -20, 120, -41, -36, -107, 32, 34, -90, 96, -114, 79, -71, -106, 116, -40, -51, -49, -68, 7, 49, 31, 81, 15, -55, 37, 18, 70, -75, -124, 43, -102, 55, 45, 125, -5, -35, -108, -128, 85, -9, 117, 103, 3, -9, 120, -66, 20, 126, -96, 69, -74, 98, -15, 116, 10, -53, 42, -48, 58, -67, 27, 25, -66, -68, -30, 89, -12, -7, -21, 114, 39, -11, -40, -107, -10, 85, -64, 96, -31, 60, -88, -21, 3, 46,
5, 115, 61, 47, 51, -124, 111, 99, 53, 53, -48, -63, -114, 127, 58, 71, 1, 89, -67, 71, -40, 54, -12, 122, 47, 43, 10, 20, 18, 65, 81, -54, -81, 81, -98, 17, -113, -122, 22, 15, 7, 44, -35, -92, 87, 105, 76, -71, 69, -33, -85, -92, -92, -116, 27, -5, -47, 9, 44, -87, 16, -31, 79, -42, 29, -121, -60, -10, 46, -124, -34, -9, -11, 33, -33, 123, -108, 22, -64, -20, -98, -61, -47, -56, 84, -69, 64, -58, 28, 94, -15, -76, -58, -98, -18, -77, -75, -16, 26, -5,
41, -64, -12, 97, -92, 117, 30, -11, -103, -94, 76, -105, -11, -52, 2, -66, -25, 127, 119, -61, -36, 43, 119, 125, 74, -81, 41, 41, -124, 119, -118, -95, 5, -65, -105, 50, 45, -10, -34, 13, 23, -82, 2, -124, -67, 72, -90, -109, -112, 102, -21, 47, -84, -99, 76, -5, 1, -22, 14, -100, 3, -71, -65, 127, 122, -54, -71, 38, 3, 38, 35, -109, -21, 35, -68, -56, 82, 80, -71, 89, -96, 64, 38, -22, -96, 37, 117, -19, 72, 62, -63, 38, 67, -5, -69, 42, 92, 30, 95, 12,
-98, -73, -17, 86, 120, -121, -110, -87, 87, -62, -3, -17, -127, 74, 84, -10, 5, 107, 10, 17, 32, -58, -81, 44, -124, 79, 62, 30, -88, -1, 28, -24, 58, 11, 21, -48, 107, -126, 102, 103, -100, 60, -76, 11, -125, -38, -83, -116, 69, 8, -22, 21, -126, -12, 35, 14, 44, -18, -15, 104, 53, -87, 4, -3, -46, 80, -112, -94, 42, -112, 9, 69, -12, 41, 122, 43, -83, 18, -21, 23, 89, -74, -65, 55, 19, -123, 18, 32, 12, 59, -113, 19, -100, -73, 84, 31, -88, -47, 50, 106,
-122, 48, 92, 44, 30, -18, 31, -95, 7, 126, -79, -92, -33, -87, -105, 94, 120, 78, -27, -11, -69, -124, 7, 70, -111, 12, -30, -108, 61, 77, 22, 69, 90, 33, 4, 108, -75, 73, 76, -109, -106, 99, -3, -86, 22, 64, -98, -124, -69, 102, -48, -122, 27, 120, -102, 28, -54, 40, -67, 94, -89, 7, -12, -95, 43, -116, 101, 34, 108, -85, 94, -84, -87, 95, 21, 93, -91, -7, 9, -78, 81, 29, -98, -48, 92, -121, 16, 6, 50, 13, -74, -72, 83, -27, -102, 69, 55, -60, 42, 108,
85, -36, -112, 65, 18, -56, 82, -10, 64, 85, -10, 93, -111, -125, 8, -51, -14, -20, -53, -96, 73, 72, 108, -13, -128, 118, 34, 4, 90, 43, 15, 8, -15, 1, -27, -51, 26, 88, -6, -39, -94, 121, -105, -1, 59, 22, -14, -54, 56, -41, -106, 49, 1, 64, -67, 76, -28, -39, 94, -114, -7, 111, 22, 87, 24, -29, 15, -3, 90, -87, 45, 53, -102, 122, -49, -96, -104, 103, -103, -123, 87, 16, 62, 74, 125, 26, -78, 100, 127, -114, -110, 87, 98, -26, 105, 50, -49, -85, -113, 82,
126, -9, -112, -101, 8, -111, -73, -1, -65, 60, 84, -99, 13, 80, 34, -85, -48, -21, -85, 81, 82, -81, -30, -66, -72, 46, -102, -47, 10, 47, -128, -104, -22, 63, -81, -122, -8, -74, -29, 6, -99, 33, -59, 66, 113, 81, -64, -43, -123, -89, -91, -45, 110, 18, 86, -111, 81, 123, -123, 92, -54, 100, -95, -99, -86, 50, 47, 83, -53, -107, -108, -95, 127, -89, 77, 43, -12, 83, 32, -9, 32, -62, -56, 61, -104, 119, 127, -101, -89, -49, 6, -96, -12, 123, -20, 19, 10, -78, -75, -66,
97, 84, -90, -115, -8, -115, -54, -125, 64, -90, -13, 104, -67, 53, -112, -27, 91, -19, -113, -112, -127, -53, -39, -80, 104, 15, 35, 31, 9, -71, 124, -29, -72, -64, 95, -121, -108, 71, 40, 70, 110, 100, 5, 116, -82, 65, -96, -37, 20, -117, 70, -3, 63, -89, 96, 83, 56, -2, -72, -45, -15, -89, 1, 18, -111, 62, 99, -97, -18, -11, 84, 13, -28, -113, 67, -124, -13, 34, 119, 31, 70, 113, -112, -55, -96, -61, 78, 16, -104, 47, -39, -116, 68, 26, 107, 89, 37, 94, -117, 18,
31, -34, -61, 28, -69, -39, -80, 57, 7, 3, 54, -88, -46, 47, 83, 22, -8, -93, 50, 0, 110, -77, 93, 0, -58, 23, 84, -106, -64, 34, -12, -56, -53, -122, 37, 95, 78, -54, -83, -2, -46, -111, -82, 119, 16, 87, -71, 86, 65, 81, -10, -9, -29, -62, 54, 80, -45, -36, 116, 127, -15, 17, -128, -46, 17, 82, -124, -30, -31, 36, -62, -29, 100, 31, -60, -16, -97, -60, -19, 3, -43, -20, -50, 90, 43, 37, -103, 123, -120, -41, -111, 119, 67, 10, -24, -73, -6, -13, 126, 70,
-102, 89, -118, -47, -86, -84, -11, 8, 120, 80, 40, -121, -84, 76, 61, 87, -3, -6, -89, -84, 40, 90, 35, 44, -107, 52, 116, -93, -81, -117, 41, -55, -58, -108, 69, 9, 51, 34, 90, -24, -98, 124, 106, -72, -117, -112, 4, -11, -63, 94, -82, 57, -69, -19, -106, 92, 72, -111, -25, -107, -123, -47, -78, -115, -74, 19, 61, -124, 85, -34, 62, 121, -51, -109, 106, 90, 68, -52, 74, -64, 34, -88, -74, 27, -106, 104, -6, 124, -13, -34, -91, 116, -25, -71, 26, 4, 38, 53, -127, -49,
-60, -56, 104, -78, 30, 106, 66, 72, -66, -68, -61, -20, -26, -20, 11, -84, 65, -41, -64, 69, 102, -79, 84, 15, -47, 8, 106, -14, 123, -8, -52, 90, -87, -99, 20, -20, 113, -59, 2, 110, 49, 48, -122, 31, 49, 66, 84, -113, -47, -70, -46, 117, 120, -25, 118, -42, 44, -22, -35, -120, -116, 120, -108, 72, 50, -113, -101, 76, 93, -5, -121, -61, -84, -33, -19, 37, 14, 49, 78, -25, -56, -11, 102, 23, -52, -45, 118, 10, -108, -75, -113, -5, 45, -96, 9, 116, 10, 63, -71, 34,
117, -106, -115, 48, 102, -113, -40, 55, -73, 27, -96, 5, -112, -51, -45, -83, -90, -83, -83, -54, 69, 121, -33, 118, 79, 61, -42, -15, -62, 41, -105, -39, -103, 15, 28, 58, -68, 122, -115, -95, -90, -79, -63, -101, -54, -47, 75, 22, 115, 38, 47, 19, 117, -7, -94, 78, 25, 73, 21, -105, -57, -112, -82, 27, -31, -97, -36, -113, -77, 88, -111, -12, -80, 28, -127, -17, 111, -86, 53, -63, 32, 36, -107, 122, -92, 56, 47, 2, 9, 71, -59, -76, -81, -24, -16, 117, -114, -61, 16, -125,
20, -54, -122, 66, -104, 1, 120, 5, -73, -31, -38, -70, -104, -30, 32, 30, -75, 83, 117, 76, 21, 16, 23, 99, 94, 67, 29, 95, -9, 83, 87, 54, -101, 41, 14, 19, 49, -105, 101, 81, 19, 82, -88, -63, -39, 41, 20, 89, 74, 36, -53, 97, -17, -75, -111, 41, -57, 10, -37, -127, -92, -40, 122, -83, -107, -91, -85, -6, -74, -103, 96, 25, -22, -4, 18, 56, -85, -109, 127, -126, -128, 24, 63, -10, 121, 88, -50, -39, -81, 57, -46, -118, -37, 30, 78, 94, 29, -68, 30, 75,
-87, 88, 71, -128, 73, 1, 37, -43, 73, -38, -33, -22, -64, 123, -12, -97, 19, 99, -100, -61, 96, 103, -126, -8, -52, 25, -108, 73, -56, 105, -26, -123, 28, -108, 57, -29, 74, -70, 16, 12, -12, 79, -98, 18, 102, 30, -90, 33, 59, -112, -25, 115, 48, 117, -111, -75, 103, 122, -36, -26, 32, -120, -17, -34, 77, 82, 89, 52, -14, 72, -67, -117, -72, -52, -63, -104, 22, 113, -126, -19, 86, 71, -35, -113, 28, 115, 57, 0, -91, -119, -21, -98, -50, 64, 94, -63, -104, -108, 117, -117,
-57, 122, 106, -77, -23, -8, 83, -30, -12, -34, -41, 25, -69, -60, 7, 100, 68, 64, -26, 126, -110, 35, -125, 9, 73, -14, -112, -68, -68, 93, 35, -71, 78, 22, 23, -51, -31, 122, 59, 10, 65, 37, 69, 127, -71, 74, 73, -19, -29, 19, -118, 5, -37, -88, 106, 54, -101, -58, -71, 50, -71, -22, 37, 69, -125, -19, -12, -120, 32, 83, 32, 24, 30, -51, 45, -46, 38, 120, -74, -128, 124, -25, -126, -120, -55, -56, 33, -108, 0, 66, -78, -103, -92, 97, 117, -14, -66, -21, -8, -52,
99, 88, -48, 49, 48, -111, -76, -126, -10, -115, 76, 105, -57, -99, -68, 108, 91, 106, 12, 34, -20, 54, -32, 79, 124, -5, 56, 123, 108, 114, 99, 6, 125, 127, -127, 87, -21, -113, 63, 101, 20, 87, -8, 62, -107, 100, -13, -51, 24, 28, 16, 122, -65, 91, 12, 96, -118, 106, 47, -96, -76, -57, -77, -13, -118, 52, 11, -127, 9, -124, 88, -31, 91, -5, -62, -125, 114, -72, 55, -27, 84, -47, 85, 126, -44, 90, -24, 6, -115, 98, -53, 116, 43, -64, -94, 8, -56, 43, 56, 123,
-15, -76, 104, 1, -124, -30, -98, 69, -57, -1, -23, 69, -91, -62, 102, -77, -71, 10, 81, 42, 66, -48, -128, -49, -94, -53, 117, 33, 109, 75, 1, -104, 91, 75, -54, -22, -43, 115, -97, 80, -15, -45, -29, 127, -15, 96, -44, -46, 68, -55, 6, 86, 28, -126, 42, -2, 42, -30, -71, -4, -128, 3, 126, 88, -20, -111, -23, -104, 39, 2, 124, 115, 36, 85, 104, -39, -71, -28, 120, 62, -28, -98, -63, 71, -70, 126, -116, -18, -110, 60, -2, 80, 124, 14, -95, 59, -97, 72, -47, -90,
-86, 26, -49, -54, 37, 92, -37, -47, -28, -7, 73, -46, -23, 125, 68, 70, -71, 55, 86, 104, 43, 46, -48, 82, -52, -44, -40, 120, -118, 4, -26, 64, 22, 31, 42, -34, 106, 110, 11, -21, -11, 70, -66, -22, 106, 101, 45, -45, -31, -33, 70, 11, 10, 0, -95, 4, 53, 50, 47, -89, 41, 32, 38, -15, -32, -110, 6, 77, 71, 42, -80, -112, 78, -76, 33, 38, 54, -18, 7, 102, -108, -39, -8, 71, 73, -82, -100, -82, 47, -74, 82, -65, 91, 41, -108, 91, 36, 19, 108, -11,
-74, 5, 81, 116, -99, 7, -85, -28, 90, -78, -67, -41, -82, -91, 115, 67, -44, -58, 85, 49, 12, 1, 106, -75, 20, 35, -42, -1, 61, -17, 87, -77, -86, 63, -4, 104, -74, -39, 20, -13, -100, 84, 70, -128, -114, 63, -42, -48, 118, -115, -32, 52, -76, -53, 109, -119, 8, 13, 119, -107, 109, 13, -80, -58, -106, -119, -108, -94, 107, 11, -3, -25, 116, -106, 121, 113, -91, -15, -65, 126, -22, -80, 53, 111, -117, 0, 10, -59, 42, 86, 88, -58, -121, 77, -63, 45, -115, 57, -92, -78,
16, 5, 121, 23, 60, 86, -48, -79, -124, -48, -14, 34, 14, -49, -51, -9, 16, 19, -102, 60, 84, -12, 100, 80, 124, -85, -58, -58, -18, -100, -106, -127, 27, 75, 30, -7, -42, 126, 103, 15, 115, 14, -16, 20, -118, -37, 94, -105, -33, 12, -16, 9, -88, -103, -42, -86, 48, 5, -107, 53, -116, -28, -71, -115, 51, -44, 106, -55, -84, 125, 19, 34, 27, -115, 14, -47, 54, -115, 19, 29, 65, -124, 30, -75, 102, -15, 46, 79, 73, -27, -22, -112, 50, 118, 115, -15, 76, -45, 110, -16,
33, 124, -127, -25, 65, 107, -84, 117, -120, 112, 2, 40, -57, -53, 125, 81, 82, -92, -49, -119, 46, -105, -36, 54, -46, -88, 64, -12, -78, -45, -79, -38, 120, -72, -63, -102, -95, -32, 80, 6, -70, -37, 46, -84, -68, -67, 47, 17, 2, 88, -82, 93, -17, -113, -30, -99, -68, -100, 14, -92, 69, -37, 86, -57, -88, -116, 120, 62, -128, 127, -16, -118, 119, 97, -94, 46, -111, -50, -12, 69, 119, 68, 43, 12, 16, -25, -72, 21, 98, -76, 72, 70, 110, 99, -104, 112, -28, -48, 108, 68,
33, -9, -114, -121, 115, -7, 81, -112, 48, 100, 70, -58, -126, 24, -85, 53, -78, 98, 43, -53, -106, -47, -81, 125, 59, -116, -65, 67, 82, -114, 74, 120, 124, -1, 58, 101, -39, -38, 46, -34, 69, -103, -74, 104, 88, -64, -66, 19, 92, -120, 10, -127, 12, 89, -69, -14, -73, -74, 108, -112, 19, 21, 121, -52, -5, -124, -80, -7, 85, -116, -96, 96, -6, 77, 76, -67, -61, -79, -119, -109, -58, -116, -16, 8, 31, 35, -36, 12, 32, -34, 15, -34, 48, 49, -101, -93, -115, -85, -22, 10,
-54, 41, 96, -18, -32, 51, 57, 41, -115, 107, 110, -90, 105, -35, 97, 127, -80, 92, 62, -95, -41, -91, -86, 86, -112, -68, -117, 78, 34, 83, 90, 80, 80, 4, 70, 5, -86, -60, -19, 100, -20, 80, 29, 4, -3, 42, 50, -45, -110, 24, 59, -92, -19, 93, 88, -91, 18, 50, -59, -13, 64, 77, 110, 34, 83, 84, -26, 11, 63, -80, -95, 96, 89, -10, 58, 90, -72, 21, -28, 52, -123, -108, 16, -56, -94, -53, 0, 11, 53, -97, -86, 121, 68, 18, 101, -47, -82, 28, -118, 30,
23, 96, 6, -36, 82, 20, -29, 57, 114, -89, 2, -97, -44, -113, 88, 46, 3, 82, -90, -69, 62, 11, -104, -81, 78, -92, 67, 70, 112, 110, -51, -92, -77, -77, 88, 43, 96, 32, 30, 91, 64, 76, -104, 87, -51, 65, -126, -15, 17, 114, 63, 95, 62, 84, -81, -90, -117, 113, 125, 67, 9, -70, 76, -4, 124, -101, 46, 78, 12, 16, 123, -115, -58, 110, 81, 2, 113, -50, -126, -68, 109, -3, 80, 20, -111, 18, 100, 122, 62, 34, 96, -127, 4, -120, -83, 17, 8, 107, 118, 27,
83, -94, -53, -70, -44, 54, -15, -1, -33, 42, -121, 7, -71, -35, 42, -4, -40, 84, 38, -120, 1, -57, 100, -14, 48, 76, -127, 7, -44, 70, 109, 86, 53, -65, 34, 10, -127, 101, -41, 88, 112, -9, 108, -124, 91, -11, -2, 116, -42, 7, 71, 51, 100, -19, -35, 12, -21, 16, -20, -92, 126, -86, -127, -61, 0, -14, -70, 111, 78, -44, 49, 96, -9, -65, -107, 126, -117, 20, 47, 98, 42, 2, -65, -13, -84, -60, 101, 93, 74, -23, -35, -5, -45, 111, 78, 98, 56, 22, -46, -12,
19, 73, 66, -98, -14, 91, 9, -56, -71, 16, 92, 1, -75, -12, -20, 78, 18, 66, -79, -94, 63, -49, 64, -93, 111, -5, -80, 53, 12, -32, 96, -37, -14, -19, -43, 51, -89, -32, -66, -113, 20, 16, 51, 121, -46, 77, 48, 13, 45, -99, 59, -2, 55, 119, -30, 15, -53, -87, 67, 50, -74, -22, -30, -60, -16, -128, -52, -85, -44, -99, 103, 40, 115, -61, 93, -73, 52, 108, 3, -20, -85, 3, 34, -86, -72, 58, 120, 26, -33, 74, -76, -12, 117, -47, -82, -31, 127, -33, 29, -1,
-123, 17, -105, 35, -77, 64, 94, 112, 116, 114, 47, -105, 12, -116, 110, 23, -84, 97, -41, 30, -3, 19, -68, -62, -2, -69, 118, -72, -31, -119, -91, -19, -75, -128, -107, -50, -104, -97, 26, 127, 6, -15, 77, -79, -30, 102, -52, 20, 50, -125, -111, -80, 63, 24, -86, 41, -69, 98, -22, 28, -76, 25, 90, 120, -128, -67, 92, 35, 17, 23, -97, -116, 112, -31, 58, 79, -112, -82, -89, -11, -40, -74, 32, -43, 80, 45, 91, 116, 82, -99, -49, 122, -41, -45, -3, 27, 57, 64, -122, -64,
24, 126, 14, -117, 86, -87, 121, 45, 13, 7, 33, -56, 23, -113, -6, -34, 58, 106, 74, -60, 94, 110, 74, 81, 62, -90, 105, -27, 47, 111, 58, -111, 10, 45, -105, -34, -111, 18, 54, -34, -125, 111, -94, -11, -127, 72, 100, 27, 72, 9, 81, 3, -89, -96, -30, -107, 22, 53, -82, 76, -117, -89, -103, -108, -41, 68, -20, 81, -95, -59, 110, -50, 119, 47, -15, 29, -104, 82, 86, -87, -86, -89, -74, 50, 37, -23, -92, 49, 34, -79, 48, -56, 107, -82, -23, -117, -5, 57, -78, -125,
64, -115, -21, 109, -103, -79, -60, -77, -58, -46, 10, -86, -61, -83, -37, 48, 11, 96, 8, -38, -119, -115, 0, -34, -128, -13, -37, -89, -50, -24, -92, 5, 28, -64, -85, -63, -68, -121, 9, 54, -65, -72, 84, 121, 49, -74, -112, 88, -71, 119, 49, 41, 94, 29, -86, -20, -31, -47, 67, 95, -26, -84, 45, -39, 127, -128, -116, -64, 92, -70, 72, -104, -100, 110, -57, -127, -45, 82, 12, -110, 31, -11, 58, 124, 37, -8, 45, 22, -116, -61, 87, -29, -65, -9, -78, -52, 28, -58, 45, -123,
82, -35, -86, 2, 14, -99, 65, -14, 61, -94, -79, -63, -57, 7, -120, 122, 34, 112, -128, 105, 2, 63, -90, 55, -3, 124, -55, 27, -46, -37, -5, -54, -91, -92, 48, -72, 112, -91, -53, -20, 36, 98, -118, -104, -41, -97, -52, -81, -11, -89, -89, -71, -61, 98, -4, 101, 76, -104, -16, 88, 52, 39, 13, -125, 83, -108, 92, -76, -64, 13, 14, -68, -76, -88, -128, 109, -19, 22, 49, 78, 13, 53, 126, 27, -65, 73, -111, -53, -20, -50, -117, -117, -35, -25, -19, 109, -91, 57, -105, -119,
-59, 106, -9, -4, -92, -93, 53, 13, 77, -122, -101, -114, -66, 75, -42, 104, 40, 70, 80, 113, -72, 120, -75, 65, -15, 100, -75, 20, -71, -46, -9, 91, 36, 19, -28, -41, -36, -79, -14, 32, 88, -22, -17, 108, 78, -124, 94, -78, -102, -36, 71, 97, 69, 116, 53, -3, -103, 81, 64, 17, 127, 19, -127, 70, 3, 111, -9, 108, -56, -41, 11, 50, 54, -26, 96, -101, -31, -8, -71, -69, 119, 56, 2, -94, 56, 31, 54, -20, -124, -19, -3, -29, -80, 107, 80, 104, -37, -1, 10, -90,
-62, 99, 121, 118, 52, -92, 6, 99, 125, 123, -82, -82, -66, -86, 107, 14, -5, -25, 125, 33, 125, -42, -6, 122, 32, -82, -124, 12, 86, -41, 118, 125, 110, -99, 19, 61, 29, -6, -97, -121, -28, -104, -127, 18, -1, -113, 32, 19, -38, 107, -16, 21, -86, 74, 2, -23, -65, 112, -68, -15, -11, -4, -64, -62, 74, -32, -2, 56, 118, 27, -45, -109, -24, 96, 16, -14, -114, 65, 12, 86, -37, 88, -67, 92, -25, 22, -101, 65, -113, 9, 26, -97, -66, -70, 92, 1, -66, 80, -57, -8,
102, 110, 119, 116, 114, 58, -114, -119, -6, -77, -85, -106, 107, -64, -34, 125, 104, 110, -86, -54, -29, 120, 35, -121, -61, -97, 115, -41, -73, -115, -111, -76, -68, -114, 61, 119, 103, -65, 14, 76, 57, 51, -95, 84, -13, 70, -111, -33, 63, -4, -119, -104, -59, 2, -37, -21, -44, 88, 36, -57, 68, 54, 100, -44, -48, 19, -22, -89, -76, -124, 23, -47, 32, 115, 22, -14, -77, 42, 19, -14, -121, 44, 44, 74, 64, 21, 33, -100, -59, -105, -75, -62, -31, -119, 99, -71, -9, -58, 102, 40,
-96, 40, -80, 106, 84, 92, 38, -98, 65, -46, -17, -95, -123, -8, 60, 73, 20, 89, 3, -92, 122, 72, -104, -10, 118, 32, 4, -48, -77, -46, 46, -108, 20, 34, -128, 99, 30, 107, 46, -67, 120, 98, 44, -30, 67, -42, 97, 102, -96, 49, 24, -1, -31, 103, -29, 62, 121, 43, 59, -22, -59, -4, -4, 52, -59, 113, 102, -95, 48, 127, -35, 16, -66, -31, 114, 15, -76, 2, -93, 43, -75, 116, 20, -16, 23, -32, -45, -49, 76, -39, 66, -24, 94, -92, 109, -44, 114, 69, 110, -78,
-7, -21, -82, -43, 75, 57, 98, -100, 11, 86, -36, -40, -98, -87, -55, -95, -36, 111, -35, -95, 93, 121, 93, -73, -20, -94, -89, -102, 96, -107, 107, 1, 66, 31, 96, 77, -51, -84, -15, 36, 87, 91, 28, 112, 93, 117, -98, -91, -74, -56, 0, -23, 7, -101, -37, 127, 95, 97, 9, 80, 41, -87, 8, -58, 41, 2, 69, -84, 47, 49, -54, 106, 45, 77, 18, -45, 79, 113, 42, -111, -49, 47, -115, 84, 90, 6, -14, -44, -37, -50, 109, 6, -92, 108, -93, 0, 34, 82, -33, -105,
-78, -63, -66, -15, -79, -102, -36, 67, -29, -6, 14, 37, -81, 57, -122, 112, -7, 64, -81, -46, -40, -77, -113, -98, 73, -70, 100, 73, -5, 117, -72, -85, -70, -53, -18, -89, 103, 13, 62, -93, 100, -115, 100, -51, -122, -26, 97, -70, -41, 38, -109, -67, -21, 42, -126, -5, -93, 63, 41, -61, -68, 21, -6, -15, 114, 123, 1, -80, -97, -81, 32, -13, 9, -73, 104, -54, 11, -51, -123, -62, 24, 118, -63, 36, 102, -17, 51, 10, -50, 110, 87, -79, 95, 34, 44, -17, 36, -108, -69, -95,
24, -22, 125, -28, -114, 78, -102, -54, -21, 48, -82, 104, 15, 19, 1, -7, 115, -127, -119, 76, 20, 56, 7, 4, -113, -45, -42, -81, 50, 79, 13, -95, -102, 104, 92, -97, -116, 37, -34, 78, 3, -94, 33, 64, 24, -68, -30, 66, 101, -76, 115, 88, -17, -43, 23, 31, 120, -81, -115, 34, -89, -6, 37, -33, 124, -29, -59, -13, 50, -104, 42, 96, 72, 22, 57, -77, 24, 69, 99, -109, -100, 59, -25, 124, -91, -96, 27, 35, 24, -43, 96, 80, 29, -112, -7, 43, 66, -126, 116, 117,
14, -51, -52, 75, -86, 19, 122, -85, -84, -9, -75, -8, -47, -18, -17, 107, -61, -54, -3, -1, 48, -63, 74, 82, 0, -111, 57, 62, -108, 0, 101, 1, 39, -83, 44, 117, -25, -119, 90, 112, -35, -63, 127, -12, 4, 21, 67, 118, -34, 61, 32, 99, 121, -117, 75, -124, 75, -70, 83, 55, -114, -66, 83, -82, -33, 62, 57, -100, 19, 21, 80, -28, 110, -125, 82, 78, 51, 24, 8, 75, -32, -6, -77, -101, -67, 36, -68, 58, -84, 47, 27, 36, -64, -62, 104, -4, -27, -82, -61, 126,
-17, -94, 71, -68, 71, -76, 58, -114, -7, 109, -88, 14, -120, 125, -23, -121, 31, -34, -60, 105, 49, -99, 106, -108, -25, 94, -31, -118, 48, -74, 17, 40, 43, 29, -110, 91, 66, 45, -22, 69, 123, -62, 116, -67, 0, -119, -34, -84, -88, 70, -85, -81, -122, 13, -45, 57, 5, 12, -97, -35, 40, 55, 65, 42, 27, 42, 69, 22, -5, 83, -6, 100, -3, -126, 28, -31, -20, -30, -29, 33, 26, 57, 103, -106, 41, -46, -38, 48, 26, -78, 101, -93, 23, -91, 60, -103, 126, -106, 103, 26,
-18, 76, -89, 94, 114, -35, -35, 74, 56, -64, 3, 90, 80, 76, -76, -81, 44, 59, 47, 52, 56, -80, 80, -39, -83, 113, -54, 120, -56, 111, -88, 79, 42, 127, -113, -121, -79, 117, 94, -98, 30, 82, 115, 124, -62, 44, -87, 49, 24, -96, 68, 8, 116, 80, -123, -9, -15, -31, 74, 96, -72, 55, 63, -61, -39, 118, 65, 13, 49, 55, -39, -128, 68, 72, 107, -64, 32, 105, -15, -67, 7, 0, 28, 94, -28, 8, -96, 2, -79, -6, -37, -69, 111, -53, 8, -1, -86, 92, -31, 85,
-62, -35, 102, 44, -109, 82, -10, 30, -21, 105, 64, -113, 37, 110, 3, 105, -19, 36, -58, -52, 82, -100, 73, 84, 110, 79, 3, 54, -14, 69, -2, -53, -1, -95, 108, 107, 83, -98, -42, 47, -49, 49, -64, 47, -102, 118, 5, 79, 3, -50, 92, 8, 93, -121, 41, -100, 68, 76, 48, 102, -13, 2, -48, 116, 33, 83, -29, 23, 36, 34, 32, 42, 7, -124, 65, -18, 39, -50, 21, 9, -12, -67, 63, -85, 65, 21, -117, 43, 55, -95, 99, 74, 19, 2, -68, 8, 113, 111, 37, 120,
-63, 8, 74, 16, 18, -48, 66, -58, 23, -100, -86, -111, -28, 40, -99, 119, 102, -6, -82, 28, 53, 33, -21, 32, -26, 12, -16, -65, -47, -119, -106, 84, 92, 79, 47, -77, 109, 54, 105, 43, 117, -6, 76, -35, 92, 1, 6, 58, 48, -82, 37, 35, -92, 117, -37, -35, -126, 91, -87, 100, -93, 72, -101, 75, 51, -39, -81, -65, 12, 118, 35, -93, 28, 86, 124, 28, -100, 103, -100, 60, 15, -1, -96, -50, -32, 96, 107, -98, -55, 118, 47, -11, 73, -100, -13, -18, -29, -6, -88, -5,
91, -22, -116, -37, -106, 61, -97, 91, 42, -4, 110, 69, 51, 4, -118, 56, -122, 91, 73, 7, -66, 51, 67, -2, 104, -106, -124, -77, 48, 57, -93, 102, -55, 49, 34, -49, 26, 39, -81, -50, 38, -29, 127, -27, -122, -92, -118, -62, -120, 43, -112, -17, -110, 33, 15, -82, 55, 0, 100, -87, -43, 41, -126, -83, -9, 100, -2, 89, 77, 32, -28, 46, 10, 31, -125, 58, -107, 2, -76, 9, -116, 86, 56, 72, -83, 42, -19, 102, 104, -108, -43, -104, 29, 89, 36, -101, 18, 17, -104, -36,
-74, -36, 50, -78, 51, -88, -48, 123, -22, 37, 29, 42, -1, 11, 53, 51, 76, -4, -28, -96, 13, -125, 60, 24, -70, -52, 42, 7, -124, 2, -14, 114, 68, -80, 77, -91, -31, -89, 1, -42, 71, 39, 117, -74, 126, 0, -31, 10, -6, 80, 29, -51, -98, 25, -103, -80, -48, -31, 5, 41, 66, -104, -127, -105, 77, 15, 119, -6, 18, 56, 103, 14, 58, -41, -126, -41, -118, -89, 75, 55, 13, -118, -104, -65, 74, -17, -54, 65, 77, -23, -113, 74, -71, -47, 85, 91, -35, -51, -123, -42,
65, -84, 31, -115, 103, 1, -88, -53, -86, 114, 118, -109, -47, -121, -35, 88, 75, -114, -104, 83, -46, -42, 26, 66, -2, 41, 103, 122, 21, 18, 37, 102, 64, -48, 116, -26, -19, 97, 107, 107, 60, 74, 45, -41, -118, -108, -94, 109, -24, -89, 81, 125, -84, -4, -110, 88, 107, 80, 18, -60, -83, -99, -118, 34, -72, -115, -26, -45, -76, -69, 87, 14, 113, 8, -102, -24, -101, -35, 54, -24, -40, -20, 8, 116, -59, -27, 56, -16, 90, 71, -128, 123, 81, -97, 72, 112, 105, 88, -38, 76,
-51, 124, -46, 30, 5, 54, 45, 11, -53, 94, -62, 31, 48, 26, -116, -8, -24, 7, 66, -123, -2, 31, -36, -63, -16, 40, -12, -73, 25, 50, -66, -34, 95, 17, 34, -121, 125, -42, 33, 2, -28, -111, 110, -33, 40, -73, 121, 54, -31, -125, -93, -8, 37, 91, -52, -45, -7, -112, -69, 111, -51, 86, -51, 122, -111, 29, -125, -101, -68, 96, 39, 96, -7, -1, -101, -35, -118, -30, 40, 8, 81, 44, -66, 77, -49, -11, -53, -106, 84, 16, 36, -10, 19, -75, 115, 108, -88, 55, 78, 52,
-70, 34, 25, -61, 34, -72, 19, 6, -123, -12, -49, 100, -53, -41, -62, -47, -50, -10, 98, -123, -95, -4, 110, 126, 54, -17, -89, -127, -64, -68, 107, 53, -42, -75, 90, 36, -119, 98, 49, 95, 100, -8, -60, -53, 47, 59, -44, 6, 122, -22, 91, -127, -2, 39, -62, 28, -25, -1, -54, -76, 40, -106, -12, 33, 84, -47, 31, 55, -29, -32, 83, 117, -47, 52, -28, 122, -11, -57, -103, -14, -78, -15, -43, -40, -7, -72, 104, 41, 47, -17, 104, -28, -14, 15, 1, -92, -54, 91, -60, 3,
-61, 23, -46, 58, -98, 48, 16, -26, -32, -79, 27, 72, 49, 24, -76, 114, -97, 10, 42, -87, -67, -35, -116, -35, -15, 74, -127, 106, 12, 86, -86, 79, 124, -121, -73, -91, 72, 97, 38, 88, -54, 57, -2, -12, 101, 114, -67, -87, 26, -82, -47, -9, 2, -2, 44, 95, 124, -38, -81, 34, 69, -127, -86, -2, -44, -1, -115, 59, -120, -33, 122, 51, -89, -11, 6, 31, -74, 67, -72, -112, 4, 101, 122, -89, -89, 7, 124, 30, 24, 120, 62, -34, -114, 52, -84, 24, -19, -61, -116, -55,
62, -40, 59, -18, -99, -93, -120, -120, -69, -83, -32, 9, 22, 96, -126, 29, 18, 65, 102, -89, 17, -114, -11, 76, -100, -80, 84, 79, 39, -49, 9, -59, 112, -30, -123, 115, -41, -25, 23, -1, -56, 13, -107, 83, -119, -78, -51, 7, -87, 56, -101, -68, 93, -108, 3, -25, 26, -52, -12, 126, 66, 50, -10, 57, 2, 88, -57, -93, -117, 22, 84, 105, 122, 64, -24, 107, -24, 107, -17, 91, 53, 29, -42, 76, -44, 16, 118, -77, 16, 127, 25, 33, 97, 121, 34, -91, 26, 117, -4, -109,
30, -24, 47, -31, 3, -89, -104, 120, -92, 119, 105, 0, -114, 44, 15, -10, 3, 103, -26, -33, -128, -65, -42, 38, 97, -76, -75, 83, -105, 24, 70, -55, -15, 23, -36, -50, -122, 125, -86, -54, 29, -27, -125, 80, 91, 41, -59, -59, -98, 17, 47, -36, -109, -110, 55, -92, -9, 8, 36, 9, 92, 81, -109, -126, -94, -66, -19, -56, 51, 111, 108, 77, 36, 72, -43, -107, 111, -72, 98, -91, -2, -104, -78, -49, -64, -67, -24, -4, -51, -33, -7, 32, -37, 44, 29, -88, -95, -55, 79, 58,
-5, 60, -101, 50, -115, 71, 50, 106, -77, -91, -51, -76, -41, 32, 28, -45, 36, 48, 78, -116, -28, -42, -119, 99, 31, 104, -118, 5, 107, 43, 127, -47, 82, 87, 96, 51, 38, -98, 113, -30, -59, -58, 126, 127, 118, 58, 9, 44, 30, -6, -37, -107, 8, 56, -127, -34, 105, -19, 118, -82, 123, -74, 63, -1, 42, 126, -40, 98, -30, -15, 109, -18, -4, -2, -5, -124, 32, -59, -29, 13, -37, 2, -21, 62, -57, 69, -85, -89, 110, 103, 37, 6, 2, 68, -35, -20, -30, 115, -23, 16,
41, -119, 103, 94, -80, 35, 94, -35, -13, 55, 41, 97, -73, 121, -55, 95, 80, -28, -52, 14, 14, 117, 93, -11, -29, 48, 56, 88, 109, -18, 100, 28, 109, 63, -28, 66, 24, -30, -108, -112, -56, 84, -50, 12, 33, -75, 81, -84, 34, -91, 78, -36, 124, -123, 98, -78, 68, 122, 55, -60, -28, -44, -102, -84, -41, -98, -80, 9, -15, 2, -101, 115, -51, -81, 114, -69, -27, -81, -69, 61, 41, 63, -6, 81, -11, 109, -98, -67, -113, 99, 8, 126, 42, -128, -3, 8, -34, -89, 43, -81,
113, -33, 16, 9, 127, -61, -27, -82, -4, 92, 121, -97, -42, 124, -19, 72, -62, -31, -47, -120, -44, -22, 7, -26, -1, -101, 93, -43, 15, -86, -103, -108, -16, 125, 7, -41, -60, -59, -2, 41, 15, 103, -16, 37, 71, 103, -115, 46, -95, -73, -17, 56, 93, 105, -63, 1, -18, 7, -54, -13, -65, -86, 87, -1, 50, -74, 101, -83, 8, 16, 56, -45, 76, 94, 94, -114, 7, -67, -33, -70, -43, -93, -41, -39, -23, 54, 24, 127, -83, 95, 101, -61, -19, -91, 32, -64, -56, -5, 86, 71,
-90, -127, -93, 74, -93, 109, 62, -60, -71, 104, -122, 89, -84, 55, 121, 48, -80, 53, 51, -4, 74, -90, 27, -47, 96, -118, 124, 31, -74, -114, 37, -115, -19, -117, -125, 21, 43, 16, 123, -67, -96, -55, 35, -3, -52, -3, 116, -41, -87, -52, -95, -128, 119, -127, 62, -52, -85, 83, 65, 18, -73, -93, -46, 40, -82, 109, -42, -128, 126, 114, -30, -110, -124, 82, 58, -105, -112, -56, -125, 115, -110, -60, -120, 90, -121, 69, 87, 22, -122, -99, 56, -57, -68, -119, 18, -18, -12, 83, -85, -109,
2, 40, 93, -84, 93, 88, 86, 53, -78, 33, 20, 12, -15, 95, 97, 24, -49, 93, -12, -26, 124, -96, -72, -93, 74, 109, -25, 106, -61, 94, -31, 94, 66, 5, 28, -125, -115, -124, 93, -67, 88, -35, 17, -90, 91, 79, -31, 101, 8, -65, 6, 0, -88, 74, -116, -75, -84, -119, -35, -27, -66, -51, -125, 38, 107, 121, 3, -90, 14, -75, 79, 50, 105, 125, -13, 83, -84, 56, -127, -61, -82, -75, -70, 37, -112, -42, -123, -23, -128, -124, -5, 35, 81, 88, 16, -46, -118, -48, 24, 34,
-90, -16, -10, 75, 44, 83, -114, 40, -8, -48, -105, -81, -7, -19, 26, 56, 102, 0, -66, -42, 39, -59, 66, -107, 19, -89, 77, 73, 62, 4, 97, -10, 96, -79, -84, -62, 63, -108, 111, 87, 90, -41, -1, 57, 86, 12, 42, 72, -118, 83, -7, -56, 103, 26, -118, 60, -73, 91, -115, 46, 37, 70, -2, -110, -11, 16, 96, -68, -61, -98, -48, 99, -124, 4, 79, -21, -50, -51, -17, 3, -31, 36, -52, 20, 77, -15, 51, -90, 71, 3, 57, 54, 91, 38, -83, 50, 116, -52, 91, 46,
87, 18, 22, -83, -99, -80, -7, -105, 92, 3, -21, 10, 58, -72, 36, -101, -120, 94, -95, -89, 6, -15, 10, 116, 7, 112, -88, -120, -123, 33, 57, 51, 116, -51, 34, -84, 32, 113, 31, 61, 29, -39, -28, -110, -54, 2, -8, -77, -58, -30, -88, 125, -45, 63, -71, -86, -20, -7, -74, -6, 103, -1, -106, 28, -25, -16, -76, 121, -59, 64, -74, 6, -6, 70, -108, 75, -65, -23, 2, 68, 96, 78, -119, 107, 48, -38, -8, 19, 41, -51, 15, 69, 20, -113, -104, 71, 64, -41, -2, 111,
-122, 85, -64, 122, -93, 75, -123, -110, -85, -4, -58, 32, 75, 27, 117, -34, -66, 38, 124, 91, 50, -121, 117, -111, 115, 12, 60, -4, -114, 6, 20, -61, 14, -60, -111, -79, 15, -6, -119, -99, 90, -92, -122, -20, 63, -33, -78, -101, 31, -50, 55, 54, 116, 6, 6, 83, 30, 96, 81, 54, -31, 90, 4, -32, -52, -41, 109, 70, 116, 97, -46, 10, 24, -84, 103, 1, -88, -51, 100, -11, 13, -35, -82, -23, -50, 0, -18, -17, 44, 68, 32, -22, 80, -117, -105, 117, -69, -24, -93, -30,
15, -16, -40, -14, 69, 99, 41, -33, 82, 17, 25, -115, 73, 65, -46, 87, -54, 32, -26, 9, -7, -73, -57, 26, 70, -83, 100, -30, -128, 64, 5, 94, 7, -75, -53, 31, -32, -66, -13, 32, -101, -7, -96, -81, -44, -51, 88, -49, 117, -103, -2, 75, -9, -109, -116, 97, -72, 59, -16, -69, -32, 115, -38, -90, 36, -64, 72, -33, 40, -3, -1, 52, -88, -97, 67, 105, -84, -76, -85, -24, -121, -4, 103, -24, 126, 8, 123, 101, 63, -77, 72, 29, -9, 16, -100, -59, 53, 25, -122, 80,
-32, -64, 88, -124, -71, 74, 72, -13, -60, -75, 46, 64, 35, 74, -30, 70, 14, 96, -4, 54, 101, -37, 103, 96, 109, -101, 4, 37, 89, -128, 22, -40, 38, -119, -100, -22, 74, 6, -4, 48, -7, -7, -94, 101, 87, -66, 13, -58, -69, 26, 99, -109, 56, -121, 106, 0, 79, -80, -50, 124, -108, -126, -53, 126, 48, -36, 100, 5, -91, -56, 18, -107, -50, 118, 54, -1, -127, 3, 115, 74, -29, -116, 81, -83, 22, 24, -125, -15, -10, 14, 90, -12, 17, 73, -74, 82, -51, 37, -95, -99,
77, 6, 4, 27, -25, 57, 14, -85, 33, 57, -121, -8, -33, -49, 122, -45, 51, 52, 65, 41, 114, -3, 76, 104, -51, -46, -125, 105, 55, 57, -4, 43, 100, 37, -52, 36, -45, -46, 93, -100, 32, 53, 15, -6, -53, -33, -42, 26, 31, -116, -43, 57, 79, -85, -22, 102, 12, 102, -125, 85, -26, -90, -58, 57, 109, 114, -106, 108, -116, 33, -61, -37, -74, -31, 120, 21, 70, -112, 107, 97, 105, 33, 70, -4, -46, 76, -122, 31, -31, 66, -82, -81, -30, -95, 115, 54, 11, 81, 116, 1,
38, 5, -84, -11, -85, 46, -78, -11, -95, -51, -33, 43, 114, -62, -68, -104, 68, -101, -21, -71, 116, 19, -105, -67, 90, 33, 89, 116, -81, 89, -41, -65, 22, 79, -68, 41, 82, 40, 120, 70, 14, 103, -51, -125, -100, 31, -56, 51, -116, 52, -40, 103, 81, 103, 92, 95, -33, -46, 126, -4, 12, 45, -73, 59, -93, 102, -44, 35, -63, -50, -97, 80, 15, 35, 76, -21, 41, 34, 60, -12, -118, 125, 23, 77, 81, -10, 12, 114, -68, 77, 112, 77, 43, 80, 91, 89, -124, 0, -107, -8,
-56, -16, 75, 46, 82, 96, -92, -90, -70, 113, -4, -86, -30, -48, 3, 64, 18, -93, 99, 100, -60, 115, -97, 86, -51, 17, -51, 84, -104, -53, -35, 26, -16, -39, -58, -82, -29, 82, -80, -82, 11, -61, 121, -22, -45, -47, -26, -98, 41, 72, -126, -59, -32, -25, -32, -65, -73, -33, 115, 22, -34, 100, -30, -49, -106, -116, 96, -128, 2, -124, 105, 20, 74, 55, 21, -91, 94, -92, -126, -76, -26, 84, -115, -62, 67, -28, -45, 88, -25, -4, 109, -13, 91, -59, -77, -121, -120, -99, 41, -80,
-36, -71, -75, 18, -92, 118, -109, -10, -37, 23, 52, 17, 119, 53, -63, 22, 30, -58, -37, -89, -75, -49, -18, 23, 47, 119, -60, -118, 25, 59, -72, -12, 39, 72, 23, 63, -85, 54, -21, -52, 125, 44, -48, 64, 40, 45, 74, 81, -10, 124, -94, -19, 86, 10, 35, -108, 51, -113, 18, -80, 1, 77, -86, -108, 82, 99, 95, -82, 20, -39, -19, -125, -123, -15, 113, 34, 80, 91, -123, 90, 82, 76, 124, -74, -47, 2, -50, -120, -84, 38, 67, 16, -22, -29, 94, -51, -103, 44, 90, -79,
-28, -93, 81, -122, 105, -83, 107, 60, 38, -45, -4, -113, 5, 54, 55, 65, -124, 27, 30, 53, -34, -73, -120, 35, -124, -51, -24, -63, -49, 70, -6, 5, -126, 72, 26, 66, -109, 69, 124, 0, -33, 100, -1, 56, 52, -45, -108, -55, -32, 50, -30, -107, 5, 102, -123, 78, 121, -84, 39, -93, 105, -40, -12, 77, 55, -15, -103, -63, -8, 88, 124, -80, -38, 21, -10, 21, 52, -112, -49, 28, -3, -56, -30, -31, -110, -95, 19, -88, -5, -101, -30, -10, 23, -27, 12, -72, 7, -24, 56, 29,
-25, 55, -113, 64, 60, -39, -100, -102, 20, 21, 48, 60, 63, 67, -120, -124, -4, 49, 93, 90, 122, 0, -71, -69, 105, 127, 116, -117, -87, -90, -23, 92, 109, -34, -17, -31, 43, -100, -39, -30, 17, -41, 24, 103, -68, -13, -58, -121, -122, 72, 72, -125, 99, 106, -122, 115, 55, -58, 115, -118, -99, 39, 31, 29, 75, -18, -70, 97, 8, -64, -105, 5, -58, 126, -13, -92, -21, -36, 44, -58, 81, -107, 100, 87, 7, 50, -55, -16, -31, 80, -13, 65, -65, 42, 73, -128, 102, -120, 48, 76,
7, -82, -33, -62, 86, 106, 59, 16, -8, 74, 41, -55, 44, -79, -100, -4, -125, -123, -63, 27, 77, 72, -89, -86, -91, 9, 37, 50, 37, 124, -96, 37, 112, -28, -36, 89, 68, 107, -59, -10, -22, -62, 100, -59, 72, -6, 93, -89, 126, -118, 101, 53, 102, -98, -78, 96, -4, -95, -9, 41, -30, -44, 13, -79, -113, -67, 71, -102, -5, -31, -80, -51, -18, 116, 109, 77, -38, -39, 63, 108, 42, 16, 32, 41, -19, 19, -102, -109, 56, 115, 65, -118, -19, 4, 72, -56, -123, 91, 47, -65,
26, -73, 10, 94, -85, -12, -21, -33, 103, -81, 58, 85, -84, -103, -57, -79, -35, 91, 100, -46, -41, 42, -77, -54, -16, -55, 84, -27, -83, -12, 88, -20, -28, -87, 75, -92, 87, 21, 61, -65, -115, -66, 63, 82, -74, -80, 6, -10, -109, 48, -66, -54, -101, 48, 69, -94, -38, 93, 107, -49, -13, -99, 1, -42, -97, 79, -82, 124, -27, 11, -6, 126, -30, 64, -95, 30, -12, 50, 121, -31, 78, -115, 103, -125, -113, -98, -76, -126, 120, 93, 27, 9, -50, -101, 81, -103, -119, -30, 46, -22,
-48, 52, -53, 9, -107, 60, -114, 20, -4, -92, -28, 19, -48, -45, -86, -69, 119, -114, 3, -113, 1, 92, -104, 73, -60, -29, 81, 69, -18, 60, 33, 39, -83, 53, 12, -68, 43, 6, 93, 23, 123, 41, -96, 30, 51, 47, 31, -40, -60, -102, 21, -122, 3, -7, 75, 32, -74, -77, 3, -65, 23, 36, 105, -55, 111, -28, 55, 124, 13, 101, -39, -115, -51, 9, 101, 47, -124, -127, -60, -18, -93, 34, -76, -2, -99, -32, -11, -16, -79, -40, 96, -120, 28, -88, 78, 95, -126, -67, -93, -54,
-59, -21, 19, -90, 24, 16, -55, -55, -3, 61, 2, -118, 77, 100, 10, 54, -91, -95, 18, 124, -122, 91, -100, -48, -119, 112, 20, -89, -119, 100, 3, 94, 36, 85, 62, -66, -10, -109, -35, -35, -1, -56, -15, 87, -47, -4, 67, 117, -36, -41, -33, -90, -87, 55, 29, -92, -99, 100, -83, -85, -122, 79, 32, 103, 26, 61, 21, 79, -98, 24, 13, -53, 100, 50, 11, 57, -64, -77, 50, 111, 86, 116, -102, 118, 0, 14, 79, -63, 108, 120, 54, 29, -22, 71, 77, 25, 13, -87, 45, 70,
-35, -93, 8, -90, -46, 60, -60, 3, -3, 1, -34, -114, -47, 52, -108, -37, -37, 104, 9, 47, -61, 83, 84, 11, -43, -34, 45, 41, 69, -39, 45, 34, 119, 88, 8, -67, 114, -7, -62, -65, 4, 46, -111, -29, -122, -53, -18, -120, -108, 78, -4, 95, 97, 102, -3, 98, 97, -56, -59, -104, 73, -24, 126, -35, -107, 123, -26, 14, -120, 100, 71, 109, -25, 92, 114, 21, 81, 116, 62, -127, -115, -6, -24, -6, 92, 101, -111, -111, 75, -19, 25, 122, -102, -52, -121, 12, -107, 48, 104, 79,
80, 35, -70, 27, -116, 104, 57, -121, -12, -58, -15, -16, -19, -49, -49, 61, -76, -85, 20, 43, -44, -112, 116, 124, -60, -18, 65, 25, -116, 13, -107, -33, -6, 42, -22, 96, -51, -84, 67, -1, 127, -83, 67, -31, 21, 5, -57, 22, -127, 76, 74, -27, -127, -80, -25, -35, 7, -58, -55, -101, -38, 3, 52, -119, 82, -34, -2, 87, -119, -117, 111, 88, -75, 65, -49, 2, 16, -96, -58, 40, -65, 72, -122, 43, -101, -99, -21, 75, 8, -88, 69, -69, 73, -125, -31, -112, 32, -37, -65, -43,
-19, -51, -113, 10, -45, 72, -76, 22, 88, 38, -48, -10, 111, -43, 111, 101, 14, -33, 89, 35, 65, -89, -110, 125, -55, -64, 38, -22, 102, -75, -100, -68, -64, -38, -30, -17, -48, 65, -58, -63, 62, -99, 55, 99, -35, 22, 86, -83, 51, 65, 42, 124, 61, 62, -60, -35, 40, -122, -5, -43, 42, 115, 118, -3, 28, 39, 116, 69, 33, -94, 78, -27, 78, 47, -26, 35, -126, 22, -90, -23, -57, -85, 86, -85, 23, 122, 43, -4, 3, 12, 60, 67, 104, 0, -47, -104, 100, 108, -113, 34,
22, 48, -98, 39, -122, -91, -69, 46, -33, -3, -52, -12, 36, 88, 100, 34, 113, 79, 97, 110, 111, -40, -124, -99, -3, 60, 121, 125, -11, -100, 47, -59, -89, -9, -50, 26, 14, -81, 37, 102, -109, 69, 75, 21, -19, 49, 68, -97, -54, -96, 77, 53, 66, 52, 57, -7, -30, -51, -5, 58, -28, 73, 109, -73, 104, -105, -50, 14, -65, -18, -62, 127, -26, -67, 62, 98, -22, -76, 93, -84, -18, -69, 62, -80, 85, -120, 33, -113, -67, 7, 67, -4, 68, 33, 9, -64, -37, -6, -13, 101,
20, 95, -54, 34, 54, 8, 25, -22, -3, -108, 115, -44, 36, -47, -27, -100, 25, 77, -15, -33, -103, -47, -112, 122, 65, 74, -22, 24, -14, 46, -109, 100, 48, 120, -73, 1, 42, 75, -118, -60, 120, -122, -94, 110, 8, -12, 35, -97, -124, 79, -56, -93, 97, -14, -13, -109, 118, 103, -59, 49, 93, -19, 55, 101, 111, -48, -66, -1, 14, 26, -42, -46, 64, 102, 34, -26, 53, -13, 59, -58, 64, -114, -9, -80, 47, -89, 19, -119, -118, -47, -54, -76, -86, -88, -74, -69, 29, -84, -20, -22,
1, 38, 93, 5, 94, -128, -96, 34, 79, -6, 17, -109, -43, 116, 74, -71, -37, 51, -103, -115, -111, -107, -17, 59, -118, 104, 35, 49, -48, -25, -1, 120, -61, -9, 109, -94, 24, 91, 44, -74, 19, 23, 40, 42, -104, 46, 80, -67, -3, 57, -92, 70, 63, -16, 107, -97, 71, 111, 90, -110, -69, 98, -6, -127, 119, -35, 105, 85, 103, -3, -27, 64, 85, -17, -3, 92, 27, 61, 127, 30, -122, -25, 127, 43, 9, -48, 53, 69, 87, -126, 17, 13, -122, 45, -5, 56, -125, 110, 94, -51,
45, 58, 36, 43, -71, 77, -113, 26, -122, 60, -7, -41, 105, 65, -5, -36, 110, 33, -90, 126, -47, -79, 90, 8, -43, 7, -28, 92, -58, 75, 21, 55, 94, -22, 82, 96, -65, 26, -115, 80, -16, -11, 35, 8, 95, -97, -106, -118, -52, 84, -111, -84, -106, 32, 17, -6, 22, 81, 70, 120, 38, 106, 7, -11, 65, 26, -68, 12, 123, -114, -82, 89, 71, -4, 2, 83, 102, -120, -35, 2, -83, 55, 67, -39, 40, 116, 97, -14, -81, 105, -47, 121, -47, -111, -121, -18, -123, 99, 50, -54,
98, 36, 68, -119, -74, 104, -83, -9, 9, -54, 75, -80, 34, 65, 85, 102, -125, 101, -63, 30, -62, -13, 103, -53, 69, 49, 102, -97, -90, -73, -16, 34, -66, -11, 122, 100, -103, 15, 36, -24, -50, -60, 64, 115, -104, -92, -20, -6, 32, 39, -81, -29, 93, -116, 5, 114, 86, -32, 63, -10, 98, 1, -105, -76, -63, 12, 92, 20, -29, -52, -116, 44, 102, -63, -111, -86, 125, 67, -83, 28, 68, -54, 82, -10, -49, -50, -31, 9, -15, -2, -87, -123, 83, 94, 114, -66, 4, -3, -84, 103,
120, -110, -79, -120, -113, 3, -29, 126, 113, -95, -67, 46, 41, 49, -3, 83, -61, 102, 95, -66, 108, -53, 10, -12, 18, -124, -50, -21, 103, 44, -3, 21, 65, -44, 95, 15, -100, -110, 26, 107, -59, 100, 8, -94, -108, 63, 55, 51, 73, 49, 40, 97, -27, -48, 96, -18, -39, -120, 94, -95, -5, 74, -5, -83, 16, -56, 115, 78, 120, 27, -34, -49, -73, -97, 14, 73, -84, -85, 74, 53, 9, 102, -99, 10, -117, 66, 50, -28, -93, 69, 120, -77, -104, 33, -33, 109, -98, 14, 59, -127,
-60, 83, -74, 4, -106, -74, -78, -45, 91, 122, -102, -48, 65, -63, -21, -49, -57, 118, 102, 27, 17, 37, 19, -27, 121, -26, 81, 115, -6, 84, 40, -121, 84, -105, -20, -4, 69, 24, 74, 49, -49, 18, -51, 84, 64, -1, -7, 87, -7, 121, -43, -50, 121, 44, -24, 41, -23, 85, 97, -26, 85, -61, 90, -126, 61, -62, -32, 118, 97, 97, -120, -5, 29, 17, 77, 53, -95, 53, -45, 68, 40, -115, -8, -100, 27, -106, -123, 98, 38, -51, -106, 108, -90, 27, -9, -80, 79, 98, 98, -91,
54, 53, -6, -43, 78, 56, 103, -3, -37, -44, 46, 42, -96, -101, -125, 44, 119, -88, 41, -24, 28, -89, -65, 49, 5, 2, -99, 99, -99, 15, -53, 59, 87, 62, -117, 31, -105, 45, -40, 23, -109, 109, -98, -31, 119, 89, -73, -94, 100, -101, 16, -110, -63, -4, -58, 36, 20, -2, 12, 30, -98, 40, -118, 99, -124, 117, 29, 27, -121, -124, 67, 117, 97, -52, -68, 60, -49, -113, 54, -14, -60, -2, -90, -56, -41, -54, -64, 73, -33, -83, 71, -39, 80, 94, 120, 57, -25, -39, 48, 22,
8, 110, -95, 30, 41, -56, 98, 74, 49, 127, 101, -30, 54, -121, -46, -128, 83, -106, -22, 86, -70, 65, -115, 88, -65, 19, -122, 4, 1, 34, 91, 8, 66, -51, -60, 28, -16, 95, -92, 120, 35, -109, -87, -84, -117, 126, -95, 93, 55, 123, 53, -109, 29, 48, -63, 114, -37, -39, 103, -38, -120, 30, 18, -101, -52, 16, -109, -59, 64, 115, 118, -3, 19, 3, -23, 84, -33, 110, 103, 14, 89, -83, -81, 102, -126, -61, -34, 25, 22, -37, 79, -17, 80, -19, -109, -108, 15, 42, 22, 90,
29, -106, -41, -47, -96, -56, -2, 70, -38, 112, 48, 69, 119, -23, -4, -78, 102, 109, -2, 100, -69, -117, 60, 72, 83, -91, 28, 90, 46, -46, 122, -37, -29, -74, -53, 11, 24, 9, 28, 37, -123, 92, -31, -65, 46, -95, 109, -126, 41, 122, -85, -26, 114, -116, -24, -125, 13, 124, 66, 114, -56, -48, 81, 74, -25, 13, 117, -77, -67, -125, -54, 109, 45, -34, -12, -119, 20, -113, -13, 86, 36, -14, 10, 45, 55, 106, 119, 127, 52, -32, 126, 48, 21, -13, -96, -33, 82, 115, -65, 27,
72, -52, -53, -77, 35, 19, -121, 3, -47, 119, -121, -93, -36, 94, -6, 120, 42, -70, 97, 105, -117, 32, 119, -65, -75, 23, 18, -53, 45, 24, -30, 84, 43, -75, -71, -7, 14, 66, 110, 23, 99, 80, 20, -81, 103, 70, -62, -60, 22, 26, 99, 37, -44, -65, -24, -37, -44, -36, 75, -98, -9, -14, 38, -109, 93, -49, 55, -120, -123, 5, -10, -33, 117, -37, 76, 122, -116, 73, 41, 70, 113, -40, 102, -1, -86, 95, -125, -67, 100, -86, 110, 7, 124, -32, -89, -86, 68, -94, 73, 113,
101, -75, -30, -118, -126, 82, 41, 114, 41, -107, 89, 98, -51, -128, -66, -92, -108, -75, 123, -65, 53, -69, 22, -96, 118, -54, 25, 113, 126, 5, -119, 51, -84, 111, 66, 49, 34, 7, -6, 87, -103, -77, -101, 56, -78, -85, 55, -57, 110, 12, -107, -73, 0, -76, -102, -91, -92, 59, -4, 110, -84, 121, -59, 71, -17, 19, 115, -91, -34, -20, 62, -128, -42, 50, 119, 71, 4, -77, -91, 16, 86, -53, -99, -17, -55, 94, 0, -51, 85, -13, 19, -40, 82, 9, -116, 57, -77, -30, 76, -121,
-96, 60, 93, -65, -105, -53, 23, -62, 49, -44, -89, -94, 121, 18, -23, 0, -10, -63, 118, -90, -83, -86, -73, 99, 19, -55, 28, -35, -45, -113, 42, 114, -117, 120, -98, -76, -52, -105, 79, 64, -71, 41, -104, -103, 115, -59, 121, -51, 32, -37, 115, -72, -120, -34, 73, -18, -87, 3, 98, 36, 16, 69, -107, -76, 36, 111, -98, -74, 116, -76, 4, 9, -37, -41, 56, 53, 125, -88, 24, -59, 65, 92, 69, 104, -96, 57, 25, -105, 20, 31, -89, 54, -77, -21, 49, 84, 125, 29, -18, 103,
-53, -22, -112, 93, -88, -98, 105, 30, 58, 99, -60, -64, 62, 97, -77, -128, 105, -121, 81, -98, 78, -120, -91, -98, -17, 38, -99, 96, 111, -63, 123, -78, 114, -24, -110, 2, -89, 109, -82, 72, 20, -22, 57, 80, 77, -94, 127, 110, -67, 52, 109, 18, -4, -4, 89, -86, 25, -124, -66, -29, 61, 40, 24, -60, 38, 63, -126, 64, -124, -112, 9, 1, -110, 31, 124, 34, -70, -24, 102, -97, -73, -91, -43, -39, -94, 13, -96, 7, 110, 43, -88, 111, 50, 56, 11, -106, 60, 87, 74, -79,
-77, 21, -67, -65, -20, 124, -15, -66, 72, -77, 5, -118, 85, -26, 126, 67, -110, -5, 122, 102, -120, -64, 41, -50, 96, -46, 30, -52, -68, 122, -51, 52, -62, 70, -12, 6, -61, -51, -110, -48, 27, -5, -107, -95, 83, 97, 34, -93, 43, -126, -126, 37, -37, 12, 127, 96, -97, 62, -24, -63, 48, -12, 36, -126, -87, 99, -82, -41, -108, 1, -110, -14, -7, -36, 45, 46, 98, 76, 38, -71, 50, 5, 18, 102, 55, -119, -71, 3, 27, -110, 0, -89, 96, -107, 12, 114, 114, -55, -34, -25,
8, -94, 43, 66, -46, 22, 79, 98, -127, -75, -28, 87, -103, -109, 14, -87, -122, -24, -76, -37, -67, 101, 78, 74, 84, 105, -115, -124, -36, -62, -84, 61, -72, -28, 75, 96, -9, -114, -46, 116, -118, 75, -73, -77, 81, 47, 4, 118, -15, 109, -118, 92, -49, -47, 87, 21, 73, -5, -127, 82, 65, -23, 87, -56, -19, 109, 127, 58, -97, -65, 73, 85, -70, 47, -99, -122, -89, 91, 43, 83, 89, -113, 107, 59, 36, 95, 25, -108, 9, -25, 41, -74, -89, -68, 15, -76, -74, -102, 99, 50,
35, -68, 109, -8, 46, -60, 121, -61, -121, -109, -82, 88, -86, -120, 77, 97, 89, 90, 100, -56, 102, 71, 92, 20, 25, -128, 40, -84, -123, -112, 28, 37, 105, -82, -108, 12, 116, -18, -22, 57, -17, 4, -31, 69, 117, -89, -16, -31, -117, -69, 93, 77, -51, 112, 50, -22, 32, -38, -88, 52, 113, -123, 61, 84, 124, 31, -97, -112, -84, -3, -73, 79, -103, 58, -97, 23, -2, 33, 88, 12, -63, 69, -125, -116, -7, 3, 122, -25, 118, -85, -22, 113, 127, -69, 121, 11, 114, -52, 56, -116,
-71, 114, -56, 56, 120, 15, 16, 22, 60, 12, 77, 0, -98, -111, -96, -74, 27, -91, 44, -18, 88, -40, 10, 57, 73, 112, 106, -98, -97, -83, -45, 67, -71, -126, -73, -25, -39, -73, 93, -1, 69, 45, -117, -120, -31, 100, 42, 34, -86, -74, -50, 55, -105, -17, 3, 96, 69, -124, 121, -21, -34, 86, 20, -27, -23, 101, 55, 80, -122, -75, -88, -25, 32, -79, 25, 50, -58, -60, -64, -86, -4, -98, 39, -73, 6, 40, 76, -33, 74, -61, -90, -106, 77, -41, 76, 50, 49, -70, 40, -62,
-117, -2, 99, -49, -80, 55, 60, -77, -121, -50, -59, 120, 85, -59, 60, 43, -35, -85, -107, -43, 51, 85, -118, -48, -76, 10, 110, -40, 101, 7, -27, -94, 96, -57, -119, 119, -115, -81, 90, 55, 88, -22, 49, 89, -30, -11, 19, -118, 120, -9, -16, -8, 17, -13, 0, 112, -50, -56, 107, 116, -61, 85, 67, 70, -127, 0, -118, 67, -7, 70, 30, 113, -99, 8, -45, -118, -77, -2, 38, -32, 27, 117, 126, -7, 45, -12, -14, 29, -47, -89, -35, -69, -23, 85, 60, 112, -36, 73, 103, 113,
84, -65, -12, 47, -23, -68, 67, -77, 105, 76, 52, 6, 115, -14, 89, 73, -100, 3, -63, -61, 31, -43, -36, 81, 11, -88, 36, -85, 37, 0, 24, -75, -25, 91, 34, 41, 7, -26, 5, -86, 18, 110, 126, 24, -68, 117, 110, 48, 50, 34, -44, -12, 117, -96, 97, -72, -65, 105, -37, 63, -50, -40, -90, 8, -124, 11, 90, -71, -52, -117, 47, 126, -13, -11, 123, -101, -119, 117, -122, 0, 120, 57, -71, -58, 16, -105, 112, 115, -128, 6, -72, 47, -10, 18, 47, 48, 65, 16, -10, -126,
-32, 123, -93, -82, -4, -4, 19, -31, -12, -117, -64, 21, -76, 19, -61, -71, 46, 67, -13, 72, -124, 10, 36, -105, -121, 29, 85, 45, -94, 75, -38, 36, 121, -70, 4, -67, -95, -3, 59, -13, 114, 102, -30, 25, 103, 5, 75, -85, 56, -95, 65, -50, -49, 77, -10, 28, -48, 93, 92, 31, -83, -9, 84, -84, 73, -53, 94, -89, 112, -109, 76, 60, -82, -70, 84, 15, 20, -49, -25, 124, -96, -109, -97, 107, -124, 1, 31, -61, -20, -46, 8, 12, 109, 39, 68, 126, -95, 31, -120, -107,
-11, 64, 52, -127, 19, 44, -43, -28, 15, 108, -78, -43, -95, 107, -34, 24, -77, -39, 94, 73, -71, -42, -64, -125, 126, 20, 40, -115, -35, 113, -102, -51, -56, -123, -30, 73, 7, -75, -27, -44, -81, 90, -48, -42, -49, -98, -102, -68, -67, 43, 76, -52, 81, 51, 106, 84, 121, 98, -53, -121, -64, -59, -114, 9, 20, 38, 62, -51, 28, -94, -88, 8, 93, -57, -108, 114, 82, 82, 61, 116, 61, -60, -76, 64, 75, -114, 57, 124, -53, 25, 41, 22, 110, 93, 66, 106, -38, -51, -19, -87,
87, 42, 9, -21, -38, -123, 118, 79, -108, 106, -90, -58, -63, -96, -39, 16, -77, -95, -73, 120, -125, -33, 102, 102, 58, -85, 42, -72, -26, -104, 105, -13, -62, -9, -118, 88, 1, 39, 79, -7, 0, 39, 24, -87, 106, -115, -31, -14, -81, -120, -69, -40, -75, 94, -25, -109, 26, 69, -93, -66, -52, -111, -95, -121, 114, 101, 54, -4, -14, -38, 37, 36, -43, -53, 0, 6, 35, 58, 111, 91, 88, -40, 75, -3, -127, 21, 4, -70, -36, -20, 102, 91, 9, -77, -12, -49, 17, 52, 45, -59,
44, 99, -75, 118, -89, -63, -54, -28, 19, -82, 8, -90, -14, 100, 51, -55, -100, -103, 46, 76, -74, -29, -115, 108, 90, -17, 91, -73, 6, 53, -52, 51, -92, 7, -76, -50, -30, 20, 106, 51, 67, 92, -15, -125, -100, 22, 69, 47, -45, 100, 89, 5, 87, -59, -79, -54, -13, -109, 48, 45, 68, 40, -22, -91, -58, -12, -32, -91, 95, -86, 94, 97, 79, 44, 63, -82, 58, -61, 93, -103, -107, 104, 116, 116, -88, 5, 35, -9, 23, 50, 125, -98, -109, 13, -73, 40, 71, 43, 88, 54,
9, 100, 2, 117, -32, 18, -119, 86, -102, 81, -67, 32, 102, -7, -83, -63, -43, 34, 11, 48, -70, 10, 24, -1, -14, 33, 23, -80, -59, 26, 2, 77, -1, 106, 117, -11, -74, 25, 32, -19, 10, -50, -50, -82, -23, -95, 86, -100, -111, 105, 56, -107, 64, -4, -54, -84, -35, 8, -82, -122, 51, 2, 7, -43, 74, 51, 31, -58, 108, -74, 11, -57, 89, 58, -109, 90, -41, -70, 106, 6, 39, -39, -84, -1, 97, -36, -68, 6, 110, -49, -70, -96, 41, -31, -119, -115, -57, 111, -83, 98,
-65, -19, -74, -83, -16, -126, -115, 24, 120, 119, -123, -110, -52, -23, 57, -47, 118, 107, -113, 120, -54, 68, 23, 105, 75, 15, 80, -16, 87, 1, -50, 76, -6, -35, 8, -15, 4, 63, 103, -84, -103, 34, -29, 47, -75, 66, 29, 118, 48, -22, -114, -56, 77, -80, 15, 114, 70, 22, 32, -116, 71, 63, -65, -112, 120, 16, -113, 53, 125, -30, -12, -96, 31, -95, 114, -14, -128, 64, 52, -55, 60, -62, -104, 24, -79, 112, -98, -99, 29, 100, -30, -42, 19, -73, -47, -91, 20, 82, -109, -82,
95, -84, -90, -77, 31, 104, -108, 104, -118, 1, 30, 6, 111, 1, 2, -42, 81, 44, 26, 119, 108, -29, 96, 119, -114, 65, -77, -44, -86, 88, 63, 97, 66, 60, 31, 107, -123, 3, 104, 68, -64, -47, 34, 61, 116, 1, 51, -26, 112, -27, -76, 21, 25, 96, 74, -93, 64, -44, -75, 71, -40, -62, 83, -10, 100, 107, -55, -4, -37, -58, 21, 27, -90, 113, 21, 10, -87, -92, 38, 3, -122, 21, -25, -65, -88, -97, -4, -83, -119, 22, -60, -50, 72, 101, 110, 123, 31, -128, -55, -7,
51, -121, -95, -72, -31, -74, 61, 1, 74, -7, -44, -112, 90, -83, 113, 82, 67, 121, -112, -6, 3, 51, -12, -75, -48, -21, 34, -97, -71, 36, -71, -36, -65, 29, 89, 104, 3, -4, 122, -55, 109, 70, 62, 75, 95, 50, 42, -24, 63, -82, -88, 124, -113, 19, -80, 87, 109, 86, -67, 28, 117, 60, 15, -104, 126, 12, 34, -65, 72, -98, -27, 59, 94, 68, -40, 82, -54, 36, -12, -24, -98, 69, 88, 90, -97, 26, 102, 88, 106, -78, -79, 28, -4, 127, 123, 120, 86, -78, -95, 67,
28, -27, -128, 122, -7, 40, -37, 50, 118, -59, -124, -34, -59, 25, -26, 24, 89, -121, -4, -124, 85, 118, 126, -107, -92, 8, -10, 108, -96, -32, 30, 118, 112, -19, -96, -82, -17, -81, -9, 91, -26, 99, 57, -57, -55, -4, 42, -108, 111, 44, -21, -91, -110, -119, 20, 64, 41, -120, -97, 92, 77, 122, 59, -10, -96, 123, -71, -7, 8, 51, 93, -109, -108, -52, 22, 9, 75, -76, 102, 40, 91, -112, -24, 31, -40, 64, -66, -29, 91, -89, -87, -120, 111, 82, -41, -23, -17, -95, -107, 48,
32, -43, 87, -124, 54, -91, 41, 22, -110, -80, 54, 9, 109, -27, -81, 117, 69, -123, 1, 112, -45, 127, -62, -44, 15, -61, 27, -127, -15, 56, 123, 25, 55, -94, 54, 100, -112, 123, 59, -12, -102, 91, 8, -125, 102, -76, -21, -84, -50, -99, -5, 24, 103, -104, -31, 59, -103, 58, 83, 95, 55, 17, 104, 31, 72, -73, -95, 66, 84, -61, -119, 92, -61, 80, 121, 36, -95, 11, -65, 94, -23, 12, 33, -123, 12, -103, -77, -62, 108, 99, 61, -50, -61, -23, -83, -121, -54, 85, -27, -22,
-60, 127, 94, 86, -107, -59, 58, -123, -34, -51, -65, -81, 85, 15, 115, -119, 124, -57, 99, -125, 54, 20, -21, 21, 35, -115, 1, 83, -46, -1, -96, 41, -8, 117, 10, 38, 113, 31, 53, 34, -23, -98, 108, -88, 54, 55, 6, 51, -94, 95, -31, 127, -82, 120, -82, 53, 51, 0, -84, 40, -72, -8, 3, 1, 60, -102, 79, -77, 91, -43, 5, 70, -84, -80, 5, -97, -75, -64, -98, 66, -119, -128, 13, 13, -104, -52, 77, -26, 26, -83, 81, -26, -86, 57, 43, -95, -92, -56, -71, 104,
44, -121, 127, 70, 115, -104, -101, -113, -103, -9, 9, 81, -32, -74, -87, -120, 15, -123, -99, -117, 82, 46, -66, -94, 37, -68, 33, 14, -78, 51, 10, 3, -67, 99, -81, -29, -62, 104, -14, -12, -74, 94, 31, 44, 16, 108, -32, 94, 42, 71, 41, -121, 95, -34, 43, -73, -13, -127, 125, 125, -16, 85, 6, -92, 29, -34, 11, -40, 46, 48, -37, -92, 74, -87, 103, 47, 69, 125, 114, -126, 59, 125, -99, -63, -30, -8, 35, -4, -110, 116, 116, -66, -46, -37, 50, -13, -38, -55, -5, -64